"SC","名称","市場区分","申込日","発表元","確報","融資新規（株・口）","融資返済（株・口）","融資残高（株・口）","貸株新規（株・口）","貸株返済（株・口）","貸株残高（株・口）","差引残高（株・口）","差引前日比（株・口）"
"1301","極洋","東証","20230309","日証金","確報","600","700","4700","0","0","100","4600","-100"
"1305","ダイワＥＴＦ・ＴＰＸ","東証","20230309","日証金","確報","0","0","3300","1380","0","16830","-13530","-1380"
"1306","ＴＯＰＩＸ連動型上場","東証","20230309","日証金","確報","30450","9470","227370","12760","13630","253460","-26090","21850"
"1308","上場ＴＯＰＩＸ","東証","20230309","日証金","確報","0","0","0","1500","6400","114400","-114400","4900"
"1309","中国株上証５０ＥＴＦ","東証","20230309","日証金","確報","0","2","120","0","0","0","120","-2"
"1311","ＴＯＰＩＸＣｏｒｅ３","東証","20230309","日証金","確報","0","80","0","430","0","1980","-1980","-510"
"1319","日経３００上場投信","名証","20230309","日証金","確報","0","0","0","0","0","0","0","0"
"1319","日経３００上場投信","札証","20230309","日証金","確報","0","0","0","0","0","0","0","0"
"1319","日経３００上場投信","東証","20230309","日証金","確報","0","0","0","0","0","0","0","0"
"1319","日経３００上場投信","福証","20230309","日証金","確報","0","0","0","0","0","0","0","0"
"1320","ダイワＥＴＦ・２２５","東証","20230309","日証金","確報","0","783","1642","6378","514","31025","-29383","-6647"
"1321","日経２２５上場投信","東証","20230309","日証金","確報","30912","1532","134064","12133","8749","169905","-35841","25996"
"1322","上場インデックス中国","東証","20230309","日証金","確報","0","0","430","0","0","0","430","0"
"1324","ＮＦ・ロシア株ＥＴＦ","東証","20230309","日証金","確報","0","0","0","0","0","0","0","0"
"1325","ブラジル指数ボベスパ","東証","20230309","日証金","確報","5500","4500","6100","0","500","6100","0","1500"
"1326","ＳＰＤＲゴールド","東証","20230309","日証金","確報","11","0","518","0","0","0","518","11"
"1328","金価格連動型上場投信","東証","20230309","日証金","確報","10","890","1480","0","110","1340","140","-770"
"1329","ｉシェアーズ　２２５","東証","20230309","日証金","確報","0","0","192","134","537","3997","-3805","403"
"1330","上場２２５","東証","20230309","日証金","確報","1640","30","1840","2810","290","30230","-28390","-910"
"1332","ニッスイ","東証","20230309","日証金","確報","1500","6000","59100","500","0","600","58500","-5000"
"1333","マルハニチロ","東証","20230309","日証金","確報","0","1400","8200","0","0","0","8200","-1400"
"1343","東証ＲＥＩＴ指数連動","東証","20230309","日証金","確報","0","20","25260","80","0","7880","17380","-100"
"1345","東証ＲＥＩＴ指数","東証","20230309","日証金","確報","0","0","5800","0","1200","600","5200","1200"
"1346","ＭＸＳ２２５上場投信","東証","20230309","日証金","確報","0","0","2","707","0","6785","-6783","-707"
"1348","ＭＸＳＴＰＸ上場投信","東証","20230309","日証金","確報","10","0","10","0","50","780","-770","60"
"1349","ＡＢＦ汎アジア債券","東証","20230309","日証金","確報","0","0","0","0","0","0","0","0"
"1356","ＴＰＸベア２倍投信","東証","20230309","日証金","確報","2970","1190","108670","520","0","11510","97160","1260"
"1357","日経ダブルインバース","東証","20230309","日証金","確報","1079340","72670","20921624","154089","527686","2625739","18295885","1380267"
"1358","上場日経２倍","東証","20230309","日証金","確報","1503","202","3942","1531","104","9383","-5441","-126"
"1360","日経ベア２倍","東証","20230309","日証金","確報","175580","21110","1691560","0","0","150","1691410","154470"
"1364","ｉＳＪＰＸ日経４００","東証","20230309","日証金","確報","0","0","4","0","6","34","-30","6"
"1365","大和２２５ダブル","東証","20230309","日証金","確報","60","44","1080","3126","512","12640","-11560","-2598"
"1366","大和２２５ダブルベア","東証","20230309","日証金","確報","838","0","251648","0","2831","17657","233991","3669"
"1367","大和ＴＰＸダブル","東証","20230309","日証金","確報","0","0","539","290","56","3075","-2536","-234"
"1368","大和ＴＰＸダブルベア","東証","20230309","日証金","確報","0","3248","3147","0","0","0","3147","-3248"
"1369","Ｏｎｅ・日経２２５","東証","20230309","日証金","確報","0","0","100","125","0","3826","-3726","-125"
"1375","雪国まいたけ","東証","20230309","日証金","確報","0","1200","3300","0","0","0","3300","-1200"
"1376","カネコ種苗","東証","20230309","日証金","確報","0","0","200","0","0","0","200","0"
"1377","サカタのタネ","東証","20230309","日証金","確報","100","0","5400","1400","100","1800","3600","-1200"
"1379","ホクト","東証","20230309","日証金","確報","0","7600","5800","1000","0","8700","-2900","-8600"
"1380","秋川牧園","東証","20230309","日証金","確報","0","0","0","0","0","0","0","0"
"1381","アクシーズ","東証","20230309","日証金","確報","0","0","500","0","0","0","500","0"
"1382","ホーブ","東証","20230309","日証金","確報","0","400","2700","0","0","0","2700","-400"
"1383","ベルグアース","東証","20230309","日証金","確報","0","100","1500","0","0","0","1500","-100"
"1384","ホクリヨウ","東証","20230309","日証金","確報","700","200","13200","0","0","0","13200","500"
"1385","ＵＢＳユーロ圏株５０","東証","20230309","日証金","確報","0","0","5","0","0","0","5","0"
"1386","ＵＢＳ欧州株","東証","20230309","日証金","確報","0","0","5","0","0","0","5","0"
"1387","ＵＢＳユーロ圏株","東証","20230309","日証金","確報","0","0","0","0","0","0","0","0"
"1388","ＵＢＳユーロ圏小型株","東証","20230309","日証金","確報","0","0","0","0","0","0","0","0"
"1389","ＵＢＳ英国大型１００","東証","20230309","日証金","確報","0","0","0","0","0","0","0","0"
"1390","ＵＢＳアジア太平洋株","東証","20230309","日証金","確報","0","50","0","0","0","0","0","-50"
"1391","ＵＢＳスイス株","東証","20230309","日証金","確報","0","0","0","0","0","0","0","0"
"1392","ＵＢＳ英国株","東証","20230309","日証金","確報","0","0","0","0","0","0","0","0"
"1393","ＵＢＳ米国株","東証","20230309","日証金","確報","0","0","0","0","0","0","0","0"
"1394","ＵＢＳ先進国株","東証","20230309","日証金","確報","0","0","0","0","0","0","0","0"
"1397","ＳＭＤＡＭ　２２５","東証","20230309","日証金","確報","0","0","0","0","0","0","0","0"
"1398","ＳＭＤＡＭ　Ｊリート","東証","20230309","日証金","確報","0","0","0","0","0","0","0","0"
"1399","上場高配当低ボラ","東証","20230309","日証金","確報","0","0","0","0","0","0","0","0"
"1400","ルーデン・ＨＤ","東証","20230309","日証金","確報","0","100","13900","0","0","0","13900","-100"
"1401","エムビーエス","東証","20230309","日証金","確報","0","0","2800","0","0","0","2800","0"
"1401","エムビーエス","福証","20230309","日証金","確報","0","0","0","0","0","0","0","0"
"1407","ウエストＨＤ","東証","20230309","日証金","確報","1700","300","48200","800","0","9500","38700","600"
"1414","ショーボンドＨＤ","東証","20230309","日証金","確報","600","200","26100","0","0","0","26100","400"
"1417","ミライト・ワン","東証","20230309","日証金","確報","4600","1000","14100","4100","500","14100","0","0"
"1418","インターライフＨＤ","東証","20230309","日証金","確報","300","0","5500","0","0","0","5500","300"
"1419","タマホーム","東証","20230309","日証金","確報","5400","100","7300","23600","30100","954900","-947600","11800"
"1419","タマホーム","福証","20230309","日証金","確報","0","0","0","0","0","0","0","0"
"1420","サンヨーホームズ","東証","20230309","日証金","確報","0","1000","4500","0","0","0","4500","-1000"
"1429","日本アクア","東証","20230309","日証金","確報","3400","200","23100","400","300","10300","12800","3100"
"1430","ファーストコーポ","東証","20230309","日証金","確報","1200","200","2100","1100","100","2100","0","0"
"1431","Ｌｉｂ　Ｗｏｒｋ","東証","20230309","日証金","確報","1700","3200","14200","0","100","194600","-180400","-1400"
"1431","Ｌｉｂ　Ｗｏｒｋ","福証","20230309","日証金","確報","0","0","0","0","0","0","0","0"
"1433","ベステラ","東証","20230309","日証金","確報","4200","1400","72800","0","1500","100100","-27300","4300"
"1434","ＪＥＳＣＯ　ＨＤ","東証","20230309","日証金","確報","1600","100","4800","0","0","0","4800","1500"
"1435","Ｒｏｂｏｔ　Ｈｏｍｅ","東証","20230309","日証金","確報","100","0","22800","0","0","0","22800","100"
"1436","フィット","東証","20230309","日証金","確報","0","0","1400","0","0","0","1400","0"
"1438","岐阜造園","名証","20230309","日証金","確報","0","0","3700","0","0","0","3700","0"
"1438","岐阜造園","東証","20230309","日証金","確報","0","0","1100","0","0","0","1100","0"
"1439","安江工務店","名証","20230309","日証金","確報","0","0","0","0","0","0","0","0"
"1439","安江工務店","東証","20230309","日証金","確報","1000","0","3200","0","0","0","3200","1000"
"1443","技研ホールディングス","東証","20230309","日証金","確報","0","5400","38300","0","0","0","38300","-5400"
"1444","ニッソウ","名証","20230309","日証金","確報","0","0","0","0","0","0","0","0"
"1444","ニッソウ","東証","20230309","日証金","確報","0","0","4200","0","0","0","4200","0"
"1446","キャンディル","東証","20230309","日証金","確報","900","200","20400","0","300","36400","-16000","1000"
"1447","ＩＴｂｏｏｋＨＤ","東証","20230309","日証金","確報","800","0","43200","0","0","0","43200","800"
"1449","ＦＵＪＩジャパン","札証","20230309","日証金","確報","0","0","0","0","0","0","0","0"
"1450","田中建設工業","東証","20230309","日証金","確報","0","0","1200","0","0","0","1200","0"
"1451","ＫＨＣ","東証","20230309","日証金","確報","0","0","700","0","0","0","700","0"
"1456","大和２２５ベア","東証","20230309","日証金","確報","0","0","105","0","0","5","100","0"
"1457","大和ＴＰＸ－１倍","東証","20230309","日証金","確報","1","72","605","0","0","40","565","-71"
"1458","楽天２２５ダブルブル","東証","20230309","日証金","確報","8051","625","81508","5492","616","98260","-16752","2550"
"1459","楽天２２５ダブルベア","東証","20230309","日証金","確報","312240","9765","3623118","27045","200","65101","3558017","275630"
"1464","大和Ｊ４００ダブル","東証","20230309","日証金","確報","0","0","0","0","1","270","-270","1"
"1465","大和Ｊ４００ベア","東証","20230309","日証金","確報","0","0","0","0","0","0","0","0"
"1466","大和Ｊ４００ダブベア","東証","20230309","日証金","確報","0","0","5","0","0","5","0","0"
"1467","ＪＰＸ日経４００ブル","東証","20230309","日証金","確報","60","0","120","0","0","0","120","60"
"1468","ＪＰＸ日経４００ベア","東証","20230309","日証金","確報","0","0","0","0","0","0","0","0"
"1469","４００ベア２倍","東証","20230309","日証金","確報","60","0","250","0","30","0","250","90"
"1472","Ｊ４００ダブルインバ","東証","20230309","日証金","確報","0","0","1002","0","50","0","1002","50"
"1473","Ｏｎｅ・トピックス","東証","20230309","日証金","確報","0","0","240","0","0","500","-260","0"
"1474","Ｏｎｅ・ＪＰＸ４００","東証","20230309","日証金","確報","0","0","0","9","0","9","-9","-9"
"1475","ｉＳＴＯＰＩＸ","東証","20230309","日証金","確報","0","14","3934","1","866","802","3132","851"
"1476","ｉＳＪリート","東証","20230309","日証金","確報","0","20","385","0","0","480","-95","-20"
"1477","ｉＳＭＳＣＩ最小分散","東証","20230309","日証金","確報","0","0","0","0","0","0","0","0"
"1478","ｉＳＭＳＣＩ高配当","東証","20230309","日証金","確報","0","0","5737","15","2","196","5541","-13"
"1479","大和ＭＳＣＩ人材設備","東証","20230309","日証金","確報","0","0","0","0","0","0","0","0"
"1480","企業価値ＥＴＦ","東証","20230309","日証金","確報","0","0","0","0","0","0","0","0"
"1481","上場日本経済貢献","東証","20230309","日証金","確報","8","9","18","1","0","20","-2","-2"
"1482","ｉＳ米国債七十円ヘジ","東証","20230309","日証金","確報","11","11","200","0","0","200","0","0"
"1483","ＩＳ設備人材","東証","20230309","日証金","確報","0","0","0","0","0","0","0","0"
"1484","Ｏｎｅ・設備人材投資","東証","20230309","日証金","確報","0","0","0","0","0","0","0","0"
"1485","ＭＸＳＪ積極投資","東証","20230309","日証金","確報","0","0","0","0","0","0","0","0"
"1486","上場米債ヘッジなし","東証","20230309","日証金","確報","0","4","785","0","0","0","785","-4"
"1487","上場米債ヘッジあり","東証","20230309","日証金","確報","0","0","130","0","0","10","120","0"
"1488","大和Ｊリート","東証","20230309","日証金","確報","20","600","710","0","0","0","710","-580"
"1489","日経高配当株５０","東証","20230309","日証金","確報","55","915","3078","0","860","3078","0","0"
"1490","上場ベータヘッジ","東証","20230309","日証金","確報","0","0","0","0","0","0","0","0"
"1491","中外鉱業","東証","20230309","日証金","確報","0","200","532500","0","0","0","532500","-200"
"1492","ＭＸＳ　中小型","東証","20230309","日証金","確報","0","0","0","0","2","7","-7","2"
"1493","Ｏｎｅ・中小型","東証","20230309","日証金","確報","0","1","1","0","0","5","-4","-1"
"1494","Ｏｎｅ・高配当日本株","東証","20230309","日証金","確報","0","0","2","0","0","0","2","0"
"1495","上場アジアリート","東証","20230309","日証金","確報","0","0","0","0","0","40","-40","0"
"1496","ｉＳ米＄ＩＧ社債ヘジ","東証","20230309","日証金","確報","0","0","170","0","0","0","170","0"
"1497","ｉＳ米＄ＨＹ社債ヘジ","東証","20230309","日証金","確報","0","0","1000","0","0","70","930","0"
"1498","Ｏｎｅ・ＥＳＧ","東証","20230309","日証金","確報","0","0","0","0","0","0","0","0"
"1499","ＭＸＳ高配当７０ＭＮ","東証","20230309","日証金","確報","0","0","50","0","7","1","49","7"
"1514","住石ホールディングス","東証","20230309","日証金","確報","93700","9500","4093400","0","0","0","4093400","84200"
"1515","日鉄鉱業","東証","20230309","日証金","確報","500","100","1700","0","0","800","900","400"
"1518","三井松島ＨＤ","東証","20230309","日証金","確報","34500","17300","304500","400","200","27600","276900","17000"
"1518","三井松島ＨＤ","福証","20230309","日証金","確報","0","0","0","0","0","0","0","0"
"1540","純金上場信託","東証","20230309","日証金","確報","0","0","4654","35","50","949","3705","15"
"1541","純プラチナ上場信託","東証","20230309","日証金","確報","0","30","3396","20","20","1320","2076","-30"
"1542","純銀上場信託","東証","20230309","日証金","確報","72","0","1248","0","117","354","894","189"
"1543","純パラジウム上場信託","東証","20230309","日証金","確報","3","14","491","0","0","0","491","-11"
"1545","ナスダックヘッジ無","東証","20230309","日証金","確報","300","5367","1439","1212","4121","28825","-27386","-2158"
"1546","ダウヘッジ無","東証","20230309","日証金","確報","199","0","967","33","607","6791","-5824","773"
"1547","上場米国Ｓ＆Ｐ５００","東証","20230309","日証金","確報","0","0","51270","140","840","23010","28260","700"
"1550","ＭＸＳ外株ＭＳＣＩ","東証","20230309","日証金","確報","0","0","790","0","10","0","790","10"
"1551","スタンダドＴＯＰ２０","東証","20230309","日証金","確報","0","10","30","0","0","60","-30","-10"
"1552","ＶＩＸ短期先物指数","東証","20230309","日証金","確報","72599","701","2400651","0","0","0","2400651","71898"
"1553","ＭＸＳＳ＆Ｐ東海投信","名証","20230309","日証金","確報","0","0","0","0","0","0","0","0"
"1554","上場インデＭＳ世界","東証","20230309","日証金","確報","80","0","1440","80","0","1440","0","0"
"1555","上場インデＡリート","東証","20230309","日証金","確報","530","70","760","0","0","610","150","460"
"1557","ＳＰＤＲＳ＆Ｐ５００","東証","20230309","日証金","確報","1","0","163","0","0","0","163","1"
"1559","タイ株ＳＥＴ５０連動","東証","20230309","日証金","確報","7","18","61","0","0","72","-11","-11"
"1560","ブルサＫＬＣＩ","東証","20230309","日証金","確報","11","11","49","0","0","49","0","0"
"1563","東証グロース・コア","東証","20230309","日証金","確報","0","2257","6140","208","15","17695","-11555","-2450"
"1566","上場ＥＭ債","東証","20230309","日証金","確報","43","83","93","0","1589","2","91","1549"
"1568","ＴＰＸブル２倍ＥＴＦ","東証","20230309","日証金","確報","450","3340","8490","4740","4760","67720","-59230","-2870"
"1569","ＴＯＰＩＸベアＥＴＦ","東証","20230309","日証金","確報","200","100","1310","0","0","0","1310","100"
"1570","日経レバレッジＥＴＦ","東証","20230309","日証金","確報","268810","76937","666224","435585","6062","1919193","-1252969","-237650"
"1571","日経インバースＥＴＦ","東証","20230309","日証金","確報","15191","8000","161500","0","0","0","161500","7191"
"1572","中国Ｈ株ブル２倍上場","東証","20230309","日証金","確報","1000","140","25110","0","0","0","25110","860"
"1573","中国Ｈ株ベア上場投信","東証","20230309","日証金","確報","0","10","1030","0","0","20","1010","-10"
"1577","ＦＵＮＤＳ野村７０","東証","20230309","日証金","確報","7","0","32","32","0","32","0","-25"
"1578","上場インデ２２５ミニ","東証","20230309","日証金","確報","0","113","158","0","90","242","-84","-23"
"1579","日経ブル２倍上場投信","東証","20230309","日証金","確報","15540","2070","29420","15680","7270","240800","-211380","5060"
"1580","日経ベア上場投信","東証","20230309","日証金","確報","520","1090","35460","10","0","10","35450","-580"
"1585","ダイワＥＸ－Ｆ","東証","20230309","日証金","確報","0","0","0","0","0","0","0","0"
"1586","上場ＥＸ－Ｆ","東証","20230309","日証金","確報","0","27","19","6","0","19","0","-33"
"1591","ＪＰＸ日経４００投信","東証","20230309","日証金","確報","12","0","12","20","14","70","-58","6"
"1592","上場ＪＰＸ日経４００","東証","20230309","日証金","確報","0","0","2","1","0","2","0","-1"
"1593","ＭＸＳＪＰＸ４００","東証","20230309","日証金","確報","0","0","0","0","0","560","-560","0"
"1595","ＮＺＡＭ東証ＲＥＩＴ","東証","20230309","日証金","確報","0","0","0","0","0","0","0","0"
"1596","ＮＺＡＭ　Ｅｘ－Ｆ","東証","20230309","日証金","確報","0","0","0","0","0","0","0","0"
"1597","ＭＸＳ　Ｊリート投信","東証","20230309","日証金","確報","20","60","20","20","0","20","0","-60"
"1599","大和ＪＰＸ日経４００","東証","20230309","日証金","確報","0","0","0","0","0","0","0","0"
"1605","ＩＮＰＥＸ","東証","20230309","日証金","確報","12800","49400","373900","0","26200","1900","372000","-10400"
"1615","東証銀行業株価指数連","東証","20230309","日証金","確報","54300","28200","353800","26500","400","353800","0","0"
"1617","ＴＰＸ１７食品","東証","20230309","日証金","確報","1","1","1","0","0","1","0","0"
"1618","ＴＰＸ１７エネルギー","東証","20230309","日証金","確報","0","1","34","0","0","86","-52","-1"
"1619","ＴＰＸ１７建設・資材","東証","20230309","日証金","確報","3","0","4","252","0","253","-249","-249"
"1620","ＴＰＸ１７素材・化学","東証","20230309","日証金","確報","5","0","5","0","5","9","-4","10"
"1621","ＴＰＸ１７医薬品","東証","20230309","日証金","確報","0","20","7","0","20","7","0","0"
"1622","ＴＰＸ１７自動車輸送","東証","20230309","日証金","確報","0","28","8","0","0","36","-28","-28"
"1623","ＴＰＸ１７鉄鋼・非鉄","東証","20230309","日証金","確報","6","0","106","15","9","106","0","0"
"1624","ＴＰＸ１７機械","東証","20230309","日証金","確報","0","0","22","0","0","57","-35","0"
"1625","ＴＰＸ１７電機・精密","東証","20230309","日証金","確報","0","0","0","1","1","205","-205","0"
"1626","ＴＰＸ１７情報通信","東証","20230309","日証金","確報","0","30","0","6","0","13","-13","-36"
"1627","ＴＰＸ１７電力・ガス","東証","20230309","日証金","確報","2","0","127","0","19","239","-112","21"
"1628","ＴＰＸ１７運輸・物流","東証","20230309","日証金","確報","0","0","0","0","0","0","0","0"
"1629","ＴＰＸ１７商社・卸売","東証","20230309","日証金","確報","0","11","37","6","4","116","-79","-13"
"1630","ＴＰＸ１７小売","東証","20230309","日証金","確報","0","0","0","0","3","0","0","3"
"1631","ＴＰＸ１７銀行","東証","20230309","日証金","確報","47","46","237","44","0","237","0","-43"
"1632","ＴＰＸ１７金融","東証","20230309","日証金","確報","0","0","63","0","0","0","63","0"
"1633","ＴＰＸ１７不動産","東証","20230309","日証金","確報","0","3","6","0","0","147","-141","-3"
"1651","大和高配当４０","東証","20230309","日証金","確報","380","200","480","100","0","100","380","80"
"1652","大和ＷＩＮ","東証","20230309","日証金","確報","0","0","0","0","0","0","0","0"
"1653","大和ＥＳＧセレクト","東証","20230309","日証金","確報","0","0","0","0","0","0","0","0"
"1654","大和ブロッサム","東証","20230309","日証金","確報","0","0","0","0","0","0","0","0"
"1655","ｉＳＳＰ５００米国株","東証","20230309","日証金","確報","1820","50","236080","1010","0","23400","212680","760"
"1656","ｉＳ米国債七十","東証","20230309","日証金","確報","4340","89780","5240","3070","570","5240","0","-87940"
"1657","ｉＳＭＳＣＩ先進国株","東証","20230309","日証金","確報","0","16","0","0","0","0","0","-16"
"1658","ｉＳＭＳＣＩ新興国株","東証","20230309","日証金","確報","8","0","53","8","0","53","0","0"
"1659","ｉＳ米国リート","東証","20230309","日証金","確報","0","1042","682","360","0","2416","-1734","-1402"
"1660","ＭＸＳ高利Ｊリート","東証","20230309","日証金","確報","0","0","8","0","0","8","0","0"
"1662","石油資源開発","東証","20230309","日証金","確報","4300","13900","35600","500","9200","35200","400","-900"
"1663","Ｋ＆Ｏエナジー","東証","20230309","日証金","確報","500","600","7900","200","2000","1800","6100","1700"
"1671","ＷＴＩ原油連動投信","東証","20230309","日証金","確報","3049","67397","22702","37","7810","1803","20899","-56575"
"1672","Ｗｉｓ　金上場投資","東証","20230309","日証金","確報","0","0","4","0","0","0","4","0"
"1673","Ｗｉｓ　銀上場投資","東証","20230309","日証金","確報","0","0","0","0","0","0","0","0"
"1674","Ｗｉｓ　白金上場投信","東証","20230309","日証金","確報","0","0","0","0","0","0","0","0"
"1675","Ｗｉｓ　パラジウム","東証","20230309","日証金","確報","0","0","0","0","0","0","0","0"
"1676","Ｗｉｓ　貴金属バスケ","東証","20230309","日証金","確報","0","0","0","0","0","0","0","0"
"1677","上場インデックスファ","東証","20230309","日証金","確報","60","340","60","0","670","0","60","390"
"1678","インドＮＩＦ","東証","20230309","日証金","確報","0","2300","259700","300","400","38800","220900","-2200"
"1679","ＮＹダウジョンズ投信","東証","20230309","日証金","確報","60","30","310","0","0","400","-90","30"
"1680","上場海外先進国株式","東証","20230309","日証金","確報","0","0","1500","0","100","150","1350","100"
"1681","上場海外新興国株式","東証","20230309","日証金","確報","0","190","50","0","190","50","0","0"
"1682","日経ＪＰＸ白金","東証","20230309","日証金","確報","500","0","500","0","0","0","500","500"
"1684","Ｗｉｓ　ブロード上場","東証","20230309","日証金","確報","0","0","0","0","0","0","0","0"
"1685","Ｗｉｓ　エネルギー","東証","20230309","日証金","確報","0","0","0","0","0","0","0","0"
"1686","Ｗｉｓ　産業用金属","東証","20230309","日証金","確報","0","0","0","0","0","0","0","0"
"1687","Ｗｉｓ　農産物上場","東証","20230309","日証金","確報","0","0","0","0","0","0","0","0"
"1688","Ｗｉｓ　穀物上場投信","東証","20230309","日証金","確報","0","0","9230","0","0","0","9230","0"
"1689","Ｗｉｓ　天然ガス上場","東証","20230309","日証金","確報","0","255300","6274300","0","0","0","6274300","-255300"
"1690","Ｗｉｓ　原油上場投信","東証","20230309","日証金","確報","0","0","0","0","0","0","0","0"
"1691","Ｗｉｓ　ガソリン上場","東証","20230309","日証金","確報","0","0","0","0","0","0","0","0"
"1692","Ｗｉｓ　アルミニウム","東証","20230309","日証金","確報","0","0","100","0","0","0","100","0"
"1693","Ｗｉｓ　銅上場投信","東証","20230309","日証金","確報","0","0","230","0","0","0","230","0"
"1694","Ｗｉｓ　ニッケル上場","東証","20230309","日証金","確報","0","0","0","0","0","0","0","0"
"1695","Ｗｉｓ　小麦上場投信","東証","20230309","日証金","確報","0","500","114300","0","0","0","114300","-500"
"1696","Ｗｉｓ　とうもろこし","東証","20230309","日証金","確報","0","0","3200","0","0","0","3200","0"
"1697","Ｗｉｓ　大豆上場投信","東証","20230309","日証金","確報","0","0","0","0","0","0","0","0"
"1698","日本高配当東証１００","東証","20230309","日証金","確報","200","0","900","0","0","20","880","200"
"1699","ＮＯＭＵＲＡ原油連動","東証","20230309","日証金","確報","4180","28930","1526820","1370","0","31080","1495740","-26120"
"1711","ＳＤＳＨＤ","東証","20230309","日証金","確報","0","0","9000","0","0","0","9000","0"
"1712","ダイセキ環境Ｓ","名証","20230309","日証金","確報","0","0","0","0","0","0","0","0"
"1712","ダイセキ環境Ｓ","東証","20230309","日証金","確報","300","700","15400","700","1100","15400","0","0"
"1716","第一カッター興業","東証","20230309","日証金","確報","300","100","12400","0","0","0","12400","200"
"1717","明豊ファシリワークス","東証","20230309","日証金","確報","0","0","4400","0","0","0","4400","0"
"1718","美樹工業","東証","20230309","日証金","確報","0","0","10100","0","0","0","10100","0"
"1719","安藤・間","東証","20230309","日証金","確報","0","300","102900","10500","900","16300","86600","-9900"
"1720","東急建設","東証","20230309","日証金","確報","800","0","152800","0","3800","22000","130800","4600"
"1721","コムシスＨＤ","東証","20230309","日証金","確報","900","200","4400","0","0","0","4400","700"
"1723","日本電技","東証","20230309","日証金","確報","100","0","100","0","0","0","100","100"
"1724","シンクレイヤ","東証","20230309","日証金","確報","0","500","14300","0","0","0","14300","-500"
"1726","ＢＲホールディングス","東証","20230309","日証金","確報","0","0","3200","0","0","0","3200","0"
"1730","麻生フオームクリート","東証","20230309","日証金","確報","0","600","3400","0","0","0","3400","-600"
"1734","北弘電社","札証","20230309","日証金","確報","0","0","800","0","0","0","800","0"
"1736","オーテック","東証","20230309","日証金","確報","0","0","200","0","0","0","200","0"
"1738","ニットー","名証","20230309","日証金","確報","100","0","100","0","0","0","100","100"
"1739","メルディアＤＣ","東証","20230309","日証金","確報","0","200","2600","0","0","0","2600","-200"
"1743","コーアツ工業","東証","20230309","日証金","確報","300","200","3600","0","0","0","3600","100"
"1743","コーアツ工業","福証","20230309","日証金","確報","0","0","0","0","0","0","0","0"
"1757","中小企業ＨＤ","東証","20230309","日証金","確報","0","0","1037500","0","0","0","1037500","0"
"1758","太洋基礎工業","東証","20230309","日証金","確報","0","0","800","0","0","0","800","0"
"1762","高松コンストラクシＧ","東証","20230309","日証金","確報","100","100","5000","100","0","400","4600","-100"
"1764","工藤建設","東証","20230309","日証金","確報","300","0","1300","0","0","0","1300","300"
"1766","東建コーポレーション","名証","20230309","日証金","確報","0","0","0","0","0","0","0","0"
"1766","東建コーポレーション","東証","20230309","日証金","確報","300","300","1600","200","500","1600","0","300"
"1768","ソネック","東証","20230309","日証金","確報","100","0","1000","0","0","30000","-29000","100"
"1770","藤田エンジニアリング","東証","20230309","日証金","確報","0","0","200","0","0","0","200","0"
"1771","日本乾溜工業","福証","20230309","日証金","確報","300","0","900","0","0","0","900","300"
"1773","ワイ・ティー・エル","東証","20230309","日証金","確報","0","0","0","0","0","0","0","0"
"1775","富士古河Ｅ＆Ｃ","東証","20230309","日証金","確報","0","0","2000","0","0","0","2000","0"
"1776","三井住建道路","東証","20230309","日証金","確報","0","300","2200","0","0","0","2200","-300"
"1777","川崎設備工業","名証","20230309","日証金","確報","0","0","10300","0","0","0","10300","0"
"1780","ヤマウラ","名証","20230309","日証金","確報","0","0","0","0","0","0","0","0"
"1780","ヤマウラ","東証","20230309","日証金","確報","0","400","1100","13100","1100","51400","-50300","-12400"
"1783","アジアゲートＨＤ","東証","20230309","日証金","確報","0","0","557400","0","0","0","557400","0"
"1786","オリエンタル白石","東証","20230309","日証金","確報","0","500","50200","0","0","2400","47800","-500"
"1787","ナカボーテック","東証","20230309","日証金","確報","0","0","100","0","0","0","100","0"
"1788","三東工業社","東証","20230309","日証金","確報","0","0","0","0","0","0","0","0"
"1789","ＥＴＳ　ＨＤ","東証","20230309","日証金","確報","100","800","9200","0","0","8300","900","-700"
"1793","大本組","東証","20230309","日証金","確報","0","0","0","0","0","0","0","0"
"1795","マサル","東証","20230309","日証金","確報","0","0","0","0","0","0","0","0"
"1798","守谷商会","東証","20230309","日証金","確報","0","0","0","0","0","0","0","0"
"1799","第一建設工業","東証","20230309","日証金","確報","0","0","400","0","0","0","400","0"
"1801","大成建設","名証","20230309","日証金","確報","0","0","0","0","0","0","0","0"
"1801","大成建設","東証","20230309","日証金","確報","100","100","1000","8800","4100","99400","-98400","-4700"
"1802","大林組","東証","20230309","日証金","確報","4900","25600","75100","8900","200","171300","-96200","-29400"
"1802","大林組","福証","20230309","日証金","確報","0","0","0","0","0","0","0","0"
"1803","清水建設","名証","20230309","日証金","確報","0","0","0","0","0","0","0","0"
"1803","清水建設","東証","20230309","日証金","確報","500","800","61800","18500","24400","138900","-77100","5600"
"1805","飛島建設","東証","20230309","日証金","確報","500","1100","12500","0","300","400","12100","-300"
"1807","佐藤渡辺","東証","20230309","日証金","確報","0","0","0","0","0","0","0","0"
"1808","長谷工コーポ","東証","20230309","日証金","確報","300","0","41400","3500","200","11200","30200","-3000"
"1810","松井建設","東証","20230309","日証金","確報","0","0","3100","0","0","1100","2000","0"
"1811","錢高組","東証","20230309","日証金","確報","100","400","1300","0","0","100","1200","-300"
"1812","鹿島建設","名証","20230309","日証金","確報","0","0","0","0","0","0","0","0"
"1812","鹿島建設","東証","20230309","日証金","確報","2700","1100","30200","2000","16000","38900","-8700","15600"
"1813","不動テトラ","東証","20230309","日証金","確報","600","600","6100","700","100","6300","-200","-600"
"1814","大末建設","東証","20230309","日証金","確報","0","300","13200","0","0","0","13200","-300"
"1815","鉄建建設","東証","20230309","日証金","確報","0","0","19600","0","700","0","19600","700"
"1820","西松建設","東証","20230309","日証金","確報","0","1800","17000","0","0","0","17000","-1800"
"1821","三井住友建設","東証","20230309","日証金","確報","0","10000","139200","11100","0","11100","128100","-21100"
"1822","大豊建設","東証","20230309","日証金","確報","0","100","6000","100","400","4900","1100","200"
"1826","佐田建設","東証","20230309","日証金","確報","700","1700","29200","0","0","3000","26200","-1000"
"1827","ナカノフドー建設","東証","20230309","日証金","確報","1000","1900","102300","100","600","700","101600","-400"
"1828","田辺工業","東証","20230309","日証金","確報","0","0","1200","0","0","0","1200","0"
"1832","北海電気工事","札証","20230309","日証金","確報","0","0","100","0","0","0","100","0"
"1833","奥村組","東証","20230309","日証金","確報","2900","2200","13900","0","600","6400","7500","1300"
"1835","東鉄工業","東証","20230309","日証金","確報","200","100","2700","1000","100","5400","-2700","-800"
"1840","土屋ホールディングス","札証","20230309","日証金","確報","0","0","0","0","0","0","0","0"
"1840","土屋ホールディングス","東証","20230309","日証金","確報","700","1100","143500","0","0","0","143500","-400"
"1841","サンユー建設","東証","20230309","日証金","確報","0","0","0","0","0","0","0","0"
"1844","大盛工業","東証","20230309","日証金","確報","0","0","30000","0","0","0","30000","0"
"1847","イチケン","東証","20230309","日証金","確報","200","2200","4600","0","0","0","4600","-2000"
"1848","富士ピー・エス","東証","20230309","日証金","確報","200","0","9500","0","0","45100","-35600","200"
"1848","富士ピー・エス","福証","20230309","日証金","確報","0","0","0","0","0","0","0","0"
"1850","南海辰村建設","東証","20230309","日証金","確報","2100","0","250600","0","0","0","250600","2100"
"1852","浅沼組","東証","20230309","日証金","確報","1300","400","33700","900","0","33700","0","0"
"1853","森組","東証","20230309","日証金","確報","200","0","6000","0","0","0","6000","200"
"1860","戸田建設","東証","20230309","日証金","確報","0","1500","13200","14600","200","29200","-16000","-15900"
"1861","熊谷組","東証","20230309","日証金","確報","2700","0","4500","2800","100","4500","0","0"
"1866","北野建設","東証","20230309","日証金","確報","0","0","4300","100","0","4000","300","-100"
"1867","植木組","東証","20230309","日証金","確報","100","0","1500","0","0","400","1100","100"
"1869","名工建設","名証","20230309","日証金","確報","0","100","700","0","0","0","700","-100"
"1870","矢作建設工業","名証","20230309","日証金","確報","0","0","0","0","0","0","0","0"
"1870","矢作建設工業","東証","20230309","日証金","確報","1500","300","7600","1700","500","7600","0","0"
"1871","ピーエス三菱","東証","20230309","日証金","確報","0","1000","6100","0","0","0","6100","-1000"
"1873","日本ハウスＨＤ","東証","20230309","日証金","確報","0","200","15900","0","0","0","15900","-200"
"1878","大東建託","名証","20230309","日証金","確報","0","0","0","0","0","0","0","0"
"1878","大東建託","東証","20230309","日証金","確報","0","300","2500","200","700","1400","1100","200"
"1879","新日本建設","東証","20230309","日証金","確報","300","200","11000","0","1100","0","11000","1200"
"1882","東亜道路工業","東証","20230309","日証金","確報","100","0","600","500","300","4600","-4000","-100"
"1884","日本道路","東証","20230309","日証金","確報","1400","1500","5300","200","300","5300","0","0"
"1885","東亜建設工業","札証","20230309","日証金","確報","0","0","0","0","0","0","0","0"
"1885","東亜建設工業","東証","20230309","日証金","確報","100","300","3200","0","200","2400","800","0"
"1887","日本国土開発","東証","20230309","日証金","確報","5100","3800","11600","500","0","700","10900","800"
"1888","若築建設","東証","20230309","日証金","確報","0","3000","27400","300","400","30500","-3100","-2900"
"1890","東洋建設","東証","20230309","日証金","確報","1900","100","24800","0","0","0","24800","1800"
"1892","徳倉建設","名証","20230309","日証金","確報","0","0","600","0","0","0","600","0"
"1893","五洋建設","名証","20230309","日証金","確報","0","0","0","0","0","0","0","0"
"1893","五洋建設","東証","20230309","日証金","確報","1400","2900","25800","0","0","2400","23400","-1500"
"1897","金下建設","東証","20230309","日証金","確報","0","0","0","0","0","0","0","0"
"1898","世紀東急工業","東証","20230309","日証金","確報","500","0","3400","0","0","0","3400","500"
"1899","福田組","東証","20230309","日証金","確報","0","100","200","0","0","0","200","-100"
"1904","大成温調","東証","20230309","日証金","確報","0","0","900","1700","400","4500","-3600","-1300"
"1905","テノックス","東証","20230309","日証金","確報","500","0","1800","0","0","0","1800","500"
"1909","日本ドライケミカル","東証","20230309","日証金","確報","0","0","1700","0","0","0","1700","0"
"1911","住友林業","東証","20230309","日証金","確報","900","10900","14900","9100","7100","100500","-85600","-12000"
"1914","日本基礎技術","東証","20230309","日証金","確報","0","600","5200","200","0","6000","-800","-800"
"1921","巴コーポレーション","札証","20230309","日証金","確報","0","0","0","0","0","0","0","0"
"1921","巴コーポレーション","東証","20230309","日証金","確報","200","0","21000","0","0","100","20900","200"
"1925","大和ハウス工業","東証","20230309","日証金","確報","8600","4300","32400","13100","0","32400","0","-8800"
"1926","ライト工業","東証","20230309","日証金","確報","100","300","9400","0","0","100","9300","-200"
"1928","積水ハウス","名証","20230309","日証金","確報","0","0","0","0","0","0","0","0"
"1928","積水ハウス","東証","20230309","日証金","確報","50400","1100","65300","25300","52900","142800","-77500","76900"
"1929","日特建設","東証","20230309","日証金","確報","700","700","6900","0","1400","4200","2700","1400"
"1930","北陸電気工事","東証","20230309","日証金","確報","100","200","8100","100","200","8100","0","0"
"1934","ユアテック","東証","20230309","日証金","確報","1200","0","6200","100","0","1500","4700","1100"
"1938","日本リーテック","東証","20230309","日証金","確報","0","1400","1000","0","0","0","1000","-1400"
"1939","四電工","東証","20230309","日証金","確報","0","0","900","100","0","100","800","-100"
"1941","中電工","東証","20230309","日証金","確報","0","1500","6300","0","1500","6300","0","0"
"1942","関電工","東証","20230309","日証金","確報","8200","1100","34600","100","1000","8900","25700","8000"
"1944","きんでん","東証","20230309","日証金","確報","0","0","5600","0","300","1200","4400","300"
"1945","東京エネシス","東証","20230309","日証金","確報","200","0","14500","0","0","200","14300","200"
"1946","トーエネック","名証","20230309","日証金","確報","0","0","0","0","0","0","0","0"
"1946","トーエネック","東証","20230309","日証金","確報","100","0","500","100","0","500","0","0"
"1948","弘電社","東証","20230309","日証金","確報","0","0","300","0","0","0","300","0"
"1949","住友電設","東証","20230309","日証金","確報","0","0","2100","0","0","0","2100","0"
"1950","日本電設工業","東証","20230309","日証金","確報","0","0","3600","0","0","300","3300","0"
"1951","エクシオグループ","東証","20230309","日証金","確報","0","1700","9400","300","400","13800","-4400","-1600"
"1952","新日本空調","東証","20230309","日証金","確報","0","200","600","500","400","1200","-600","-300"
"1954","日本工営","東証","20230309","日証金","確報","200","0","1800","0","0","0","1800","200"
"1959","九電工","東証","20230309","日証金","確報","100","200","4400","600","100","6200","-1800","-600"
"1959","九電工","福証","20230309","日証金","確報","0","0","0","0","0","0","0","0"
"1960","サンテック","東証","20230309","日証金","確報","200","0","130400","0","0","0","130400","200"
"1961","三機工業","東証","20230309","日証金","確報","200","0","700","0","300","100","600","500"
"1963","日揮ホールディングス","東証","20230309","日証金","確報","1000","14800","71400","0","0","0","71400","-13800"
"1964","中外炉工業","東証","20230309","日証金","確報","2000","300","5300","1800","0","5300","0","-100"
"1965","テクノ菱和","東証","20230309","日証金","確報","0","0","300","0","0","300","0","0"
"1966","高田工業所","東証","20230309","日証金","確報","2700","2800","50400","0","100","50400","0","0"
"1966","高田工業所","福証","20230309","日証金","確報","0","0","0","0","0","0","0","0"
"1967","ヤマト","東証","20230309","日証金","確報","100","0","199300","4100","1500","15400","183900","-2500"
"1968","太平電業","東証","20230309","日証金","確報","100","0","2600","900","500","6700","-4100","-300"
"1969","高砂熱学工業","東証","20230309","日証金","確報","6900","100","15000","4300","0","21000","-6000","2500"
"1971","中央ビルト工業","東証","20230309","日証金","確報","0","0","3100","0","0","0","3100","0"
"1972","三晃金属工業","東証","20230309","日証金","確報","600","200","5100","0","300","400","4700","700"
"1973","ＮＥＣネッツエスアイ","東証","20230309","日証金","確報","0","100","7100","0","0","0","7100","-100"
"1975","朝日工業社","東証","20230309","日証金","確報","100","0","2200","100","0","2200","0","0"
"1976","明星工業","東証","20230309","日証金","確報","1100","700","4300","200","0","3500","800","200"
"1979","大氣社","東証","20230309","日証金","確報","1000","0","1400","0","700","0","1400","1700"
"1980","ダイダン","東証","20230309","日証金","確報","400","1200","2900","400","100","2600","300","-1100"
"1981","協和日成","東証","20230309","日証金","確報","0","0","0","0","0","0","0","0"
"1982","日比谷総合設備","東証","20230309","日証金","確報","300","100","1800","100","2600","300","1500","2700"
"1992","神田通信機","東証","20230309","日証金","確報","0","0","2700","0","0","0","2700","0"
"1994","高橋カーテンウォール","東証","20230309","日証金","確報","0","0","3100","0","0","0","3100","0"
"1997","暁飯島工業","東証","20230309","日証金","確報","0","0","300","0","0","0","300","0"
"1999","サイタＨＤ","福証","20230309","日証金","確報","0","0","0","0","0","0","0","0"
"2001","ニップン","東証","20230309","日証金","確報","0","1300","1700","600","600","4100","-2400","-1300"
"2002","日清製粉グループ本社","東証","20230309","日証金","確報","3300","7900","6300","2300","6900","6300","0","0"
"2003","日東富士製粉","東証","20230309","日証金","確報","0","0","0","0","0","0","0","0"
"2004","昭和産業","東証","20230309","日証金","確報","400","0","4100","600","200","4100","0","0"
"2009","鳥越製粉","東証","20230309","日証金","確報","0","0","2200","0","0","0","2200","0"
"2009","鳥越製粉","福証","20230309","日証金","確報","0","0","0","0","0","0","0","0"
"2031","ハンセンダブルＥＴＮ","東証","20230309","日証金","確報","0","0","0","0","0","0","0","0"
"2032","ハンセン・ベアＥＴＮ","東証","20230309","日証金","確報","0","0","0","0","0","0","0","0"
"2033","ＫＯＳＰＩブルＥＴＮ","東証","20230309","日証金","確報","0","0","0","0","0","0","0","0"
"2034","ＫＯＳＰＩベアＥＴＮ","東証","20230309","日証金","確報","0","0","1585","0","0","0","1585","0"
"2036","金先物ダブルブル","東証","20230309","日証金","確報","13","0","33","0","0","0","33","13"
"2037","金先物ベア","東証","20230309","日証金","確報","0","0","210","0","0","0","210","0"
"2038","ドバイ原油先物ブル","東証","20230309","日証金","確報","2578","0","39848","0","0","0","39848","2578"
"2039","ドバイ原油先物ベア","東証","20230309","日証金","確報","0","0","100","0","0","0","100","0"
"2040","ＮＹダウブルＥＴＮ","東証","20230309","日証金","確報","0","0","69","0","0","0","69","0"
"2041","ＮＹダウベアＥＴＮ","東証","20230309","日証金","確報","0","0","1458","0","0","0","1458","0"
"2042","東証マザーズＥＴＮ","東証","20230309","日証金","確報","0","0","0","0","0","0","0","0"
"2043","アセアン５０ＥＴＮ","東証","20230309","日証金","確報","0","0","0","0","0","0","0","0"
"2044","米国配当貴族ＥＴＮ","東証","20230309","日証金","確報","0","0","104","0","0","0","104","0"
"2045","シンガポールリート","東証","20230309","日証金","確報","0","0","0","0","0","0","0","0"
"2046","インドブルＥＴＮ","東証","20230309","日証金","確報","6","49","843","0","0","0","843","-43"
"2047","インドベアＥＴＮ","東証","20230309","日証金","確報","0","0","0","0","0","0","0","0"
"2048","高配株ヘッジＥＴＮ","東証","20230309","日証金","確報","10","0","10","0","0","0","10","10"
"2050","ニッチトップ中小型","東証","20230309","日証金","確報","0","0","0","0","0","0","0","0"
"2053","中部飼料","名証","20230309","日証金","確報","0","0","0","0","0","0","0","0"
"2053","中部飼料","東証","20230309","日証金","確報","0","100","12100","0","0","0","12100","-100"
"2055","日和産業","東証","20230309","日証金","確報","0","0","900","0","0","0","900","0"
"2058","ヒガシマル","福証","20230309","日証金","確報","0","0","0","0","0","0","0","0"
"2060","フィード・ワン","東証","20230309","日証金","確報","0","100","12000","0","0","0","12000","-100"
"2065","日本株配当貴族ＥＴＮ","東証","20230309","日証金","確報","0","0","0","0","0","0","0","0"
"2066","東証リートＥＴＮ","東証","20230309","日証金","確報","0","0","0","0","0","0","0","0"
"2067","野村ＡＩ７０ＥＴＮ","東証","20230309","日証金","確報","0","0","0","0","0","0","0","0"
"2068","高ベータ３０ＥＴＮ","東証","20230309","日証金","確報","0","0","0","0","0","0","0","0"
"2069","低ベータ５０ＥＴＮ","東証","20230309","日証金","確報","0","0","0","0","0","0","0","0"
"2070","ＥＳＧ女性活躍ＥＴＮ","東証","20230309","日証金","確報","0","0","0","0","0","0","0","0"
"2071","ＥＳＧ総合ＥＴＮ","東証","20230309","日証金","確報","0","0","0","0","0","0","0","0"
"2072","トップシェアＥＴＮ","東証","20230309","日証金","確報","0","0","0","0","0","0","0","0"
"2073","ＥＳＧ低カーボン","東証","20230309","日証金","確報","0","0","0","0","0","0","0","0"
"2107","東洋精糖","東証","20230309","日証金","確報","400","100","2800","0","0","0","2800","300"
"2108","日本甜菜製糖","東証","20230309","日証金","確報","900","600","2400","200","100","2200","200","200"
"2109","ＤＭ三井製糖ＨＤ","東証","20230309","日証金","確報","100","0","1900","100","0","1900","0","0"
"2112","塩水港精糖","東証","20230309","日証金","確報","2300","0","39400","0","300","2600","36800","2600"
"2114","フジ日本精糖","東証","20230309","日証金","確報","0","900","9200","0","0","0","9200","-900"
"2117","ウェルネオシュガー","東証","20230309","日証金","確報","900","700","2800","0","0","2500","300","200"
"2120","ＬＩＦＵＬＬ","東証","20230309","日証金","確報","600","4400","117500","16600","0","31800","85700","-20400"
"2121","ＭＩＸＩ","東証","20230309","日証金","確報","20800","16600","40900","4400","200","40900","0","0"
"2122","インタースペース","東証","20230309","日証金","確報","300","0","2800","0","0","0","2800","300"
"2124","ジェイエイシリクルト","東証","20230309","日証金","確報","800","6800","11700","700","0","1700","10000","-6700"
"2127","日本Ｍ＆Ａ","東証","20230309","日証金","確報","5100","2900","300600","0","0","113800","186800","2200"
"2130","メンバーズ","東証","20230309","日証金","確報","0","300","19000","0","0","4000","15000","-300"
"2134","燦キャピタル","東証","20230309","日証金","確報","800","0","2552200","0","0","0","2552200","800"
"2136","ヒップ","東証","20230309","日証金","確報","200","0","3100","0","0","0","3100","200"
"2137","光ハイツ・ヴェラス","札証","20230309","日証金","確報","0","0","4400","0","0","0","4400","0"
"2138","クルーズ","東証","20230309","日証金","確報","3500","21400","435700","200","0","413200","22500","-18100"
"2139","中広","名証","20230309","日証金","確報","0","0","0","0","0","0","0","0"
"2139","中広","東証","20230309","日証金","確報","0","0","1400","0","100","900","500","100"
"2146","ＵＴグループ","東証","20230309","日証金","確報","4200","1400","25700","0","2000","600","25100","4800"
"2148","アイティメディア","東証","20230309","日証金","確報","0","100","7300","0","0","0","7300","-100"
"2150","ケアネット","東証","20230309","日証金","確報","700","500","43500","0","0","0","43500","200"
"2152","幼児活動研究会","東証","20230309","日証金","確報","0","0","1100","0","0","0","1100","0"
"2153","Ｅ・ＪＨＤ","東証","20230309","日証金","確報","300","0","3400","0","0","0","3400","300"
"2154","オープンアップＧ","東証","20230309","日証金","確報","0","1200","4800","2600","200","28400","-23600","-3600"
"2156","セーラー広告","東証","20230309","日証金","確報","0","0","1300","0","0","0","1300","0"
"2157","コシダカＨＤ","東証","20230309","日証金","確報","12500","2200","82700","0","100","0","82700","10400"
"2158","ＦＲＯＮＴＥＯ","東証","20230309","日証金","確報","0","4000","121100","0","0","0","121100","-4000"
"2160","ジーエヌアイグループ","東証","20230309","日証金","確報","3000","2700","97300","0","0","200","97100","300"
"2162","ｎｍｓ　ＨＤ","東証","20230309","日証金","確報","1600","16900","86600","11200","34400","64000","22600","7900"
"2163","アルトナー","東証","20230309","日証金","確報","0","100","16700","0","0","0","16700","-100"
"2164","地域新聞社","東証","20230309","日証金","確報","0","2300","2500","0","0","0","2500","-2300"
"2168","パソナグループ","東証","20230309","日証金","確報","100","200","3200","300","0","500","2700","-400"
"2169","ＣＤＳ","名証","20230309","日証金","確報","0","0","0","0","0","0","0","0"
"2169","ＣＤＳ","東証","20230309","日証金","確報","100","0","1100","0","0","100","1000","100"
"2170","リンク＆モチベ","東証","20230309","日証金","確報","4000","200","139100","100","0","4100","135000","3700"
"2172","インサイト","札証","20230309","日証金","確報","100","0","1500","0","0","0","1500","100"
"2173","博展","東証","20230309","日証金","確報","100","0","5200","0","0","800","4400","100"
"2175","エス・エム・エス","東証","20230309","日証金","確報","1100","3100","24700","0","0","0","24700","-2000"
"2179","成学社","東証","20230309","日証金","確報","0","0","2700","0","0","0","2700","0"
"2180","サニーサイドアップ","東証","20230309","日証金","確報","2000","0","5200","0","0","0","5200","2000"
"2181","パーソルＨＤ","東証","20230309","日証金","確報","0","1000","4200","0","700","2000","2200","-300"
"2183","リニカル","東証","20230309","日証金","確報","0","0","7700","0","0","0","7700","0"
"2185","シイエム・シイ","名証","20230309","日証金","確報","0","0","0","0","0","0","0","0"
"2185","シイエム・シイ","東証","20230309","日証金","確報","100","0","2300","0","0","0","2300","100"
"2186","ソーバル","東証","20230309","日証金","確報","1000","0","5500","0","0","0","5500","1000"
"2193","クックパッド","東証","20230309","日証金","確報","0","9100","236200","0","0","1000","235200","-9100"
"2195","アミタＨＤ","東証","20230309","日証金","確報","100","1200","40200","0","0","0","40200","-1100"
"2196","エスクリ","東証","20230309","日証金","確報","0","2500","48100","2000","0","3400","44700","-4500"
"2198","アイ・ケイ・ケイＨＤ","東証","20230309","日証金","確報","0","400","7100","0","0","100","7000","-400"
"2201","森永製菓","東証","20230309","日証金","確報","700","300","4900","1900","800","6900","-2000","-700"
"2204","中村屋","東証","20230309","日証金","確報","0","500","600","100","0","400","200","-600"
"2206","江崎グリコ","東証","20230309","日証金","確報","0","900","11200","100","1200","4200","7000","200"
"2207","名糖産業","名証","20230309","日証金","確報","0","0","0","0","0","0","0","0"
"2207","名糖産業","東証","20230309","日証金","確報","0","100","200","300","2200","1700","-1500","1800"
"2208","ブルボン","東証","20230309","日証金","確報","0","0","0","0","0","0","0","0"
"2209","井村屋グループ","名証","20230309","日証金","確報","0","0","0","0","0","0","0","0"
"2209","井村屋グループ","東証","20230309","日証金","確報","0","0","1500","0","0","0","1500","0"
"2211","不二家","東証","20230309","日証金","確報","0","100","1700","0","0","1500","200","-100"
"2212","山崎製パン","東証","20230309","日証金","確報","8400","1700","41300","6700","0","41300","0","0"
"2215","第一屋製パン","東証","20230309","日証金","確報","600","0","5900","0","0","0","5900","600"
"2216","カンロ","東証","20230309","日証金","確報","0","0","1600","0","0","1500","100","0"
"2217","モロゾフ","東証","20230309","日証金","確報","0","300","800","200","0","1800","-1000","-500"
"2218","日糧製パン","札証","20230309","日証金","確報","0","0","100","0","0","0","100","0"
"2220","亀田製菓","東証","20230309","日証金","確報","200","100","1900","100","100","2300","-400","100"
"2221","岩塚製菓","東証","20230309","日証金","確報","0","0","200","0","0","0","200","0"
"2222","寿スピリッツ","東証","20230309","日証金","確報","100","0","3900","1600","2900","81800","-77900","1400"
"2224","コモ","名証","20230309","日証金","確報","0","0","0","0","0","0","0","0"
"2224","コモ","東証","20230309","日証金","確報","0","0","600","0","0","0","600","0"
"2226","湖池屋","東証","20230309","日証金","確報","0","0","400","0","0","1400","-1000","0"
"2229","カルビー","東証","20230309","日証金","確報","6700","7100","14700","0","400","14700","0","0"
"2235","上場ダウヘッジなし","東証","20230309","日証金","確報","0","0","170","0","0","0","170","0"
"2236","ＧＸＵＳ配当貴族","東証","20230309","日証金","確報","8351","1981","31520","0","0","0","31520","6370"
"2237","ｉＦＳＰ５００ダブル","東証","20230309","日証金","確報","10","0","48","0","0","0","48","10"
"2238","ｉＦＳＰ５００ベア","東証","20230309","日証金","確報","200","0","481","0","0","0","481","200"
"2264","森永乳業","東証","20230309","日証金","確報","300","300","900","1400","0","7900","-7000","-1400"
"2266","六甲バター","東証","20230309","日証金","確報","0","100","1000","100","300","3300","-2300","100"
"2267","ヤクルト本社","東証","20230309","日証金","確報","3000","3000","9500","10400","10500","154000","-144500","100"
"2268","サーティワン","東証","20230309","日証金","確報","0","0","200","0","0","0","200","0"
"2269","明治ホールディングス","東証","20230309","日証金","確報","400","7400","16700","1200","0","9700","7000","-8200"
"2270","雪印メグミルク","札証","20230309","日証金","確報","0","0","0","0","0","0","0","0"
"2270","雪印メグミルク","東証","20230309","日証金","確報","2000","3500","12100","700","2200","12100","0","0"
"2281","プリマハム","東証","20230309","日証金","確報","2200","0","9900","4600","800","8400","1500","-1600"
"2282","日本ハム","東証","20230309","日証金","確報","0","600","28700","200","0","3500","25200","-800"
"2286","林兼産業","東証","20230309","日証金","確報","5000","0","41400","0","0","100","41300","5000"
"2288","丸大食品","東証","20230309","日証金","確報","200","100","1600","200","400","800","800","300"
"2291","福留ハム","東証","20230309","日証金","確報","0","0","600","0","300","6300","-5700","300"
"2292","エス　フーズ","東証","20230309","日証金","確報","0","0","4700","0","0","1000","3700","0"
"2293","滝沢ハム","東証","20230309","日証金","確報","0","0","0","0","0","0","0","0"
"2294","柿安本店","東証","20230309","日証金","確報","1000","100","1800","0","0","100","1700","900"
"2296","伊藤ハム米久ＨＤ","東証","20230309","日証金","確報","1100","0","6400","1400","0","3100","3300","-300"
"2300","きょくとう","東証","20230309","日証金","確報","0","0","200","0","0","0","200","0"
"2301","学情","東証","20230309","日証金","確報","100","1200","11800","100","600","13600","-1800","-600"
"2303","ドーン","東証","20230309","日証金","確報","0","300","3000","0","0","0","3000","-300"
"2304","ＣＳＳＨＤ","東証","20230309","日証金","確報","0","200","3500","100","0","3200","300","-300"
"2305","スタジオアリス","東証","20230309","日証金","確報","1300","0","1900","100","100","400","1500","1300"
"2307","クロスキャット","東証","20230309","日証金","確報","900","100","22200","0","0","0","22200","800"
"2309","シミックＨＤ","東証","20230309","日証金","確報","0","200","8200","0","1100","2600","5600","900"
"2311","エプコ","東証","20230309","日証金","確報","0","1000","200","0","0","0","200","-1000"
"2315","ＣＡＩＣＡ　Ｄ","東証","20230309","日証金","確報","16400","16400","1200000","0","0","1200000","0","0"
"2317","システナ","東証","20230309","日証金","確報","1000","60300","189200","0","0","8900","180300","-59300"
"2321","ソフトフロントＨＤ","東証","20230309","日証金","確報","1400","700","39000","0","0","0","39000","700"
"2323","ｆｏｎｆｕｎ","東証","20230309","日証金","確報","0","400","7300","0","0","0","7300","-400"
"2325","ＮＪＳ","東証","20230309","日証金","確報","0","0","400","0","300","1400","-1000","300"
"2326","デジタルアーツ","東証","20230309","日証金","確報","600","0","11300","0","0","100","11200","600"
"2327","日鉄ソリューションズ","東証","20230309","日証金","確報","0","0","9500","0","1900","1700","7800","1900"
"2329","東北新社","東証","20230309","日証金","確報","0","0","1000","0","0","0","1000","0"
"2330","フォーサイド","東証","20230309","日証金","確報","12000","21000","89700","0","0","0","89700","-9000"
"2331","綜合警備保障","東証","20230309","日証金","確報","0","300","2200","0","0","500","1700","-300"
"2332","クエスト","東証","20230309","日証金","確報","0","0","1000","100","0","400","600","-100"
"2334","イオレ","東証","20230309","日証金","確報","2300","4000","17100","0","0","0","17100","-1700"
"2335","キューブシステム","東証","20230309","日証金","確報","900","0","5700","0","0","1300","4400","900"
"2337","いちご","東証","20230309","日証金","確報","0","400","76400","0","0","100","76300","-400"
"2338","クオンタムＳ","東証","20230309","日証金","確報","300","600","1500","0","0","0","1500","-300"
"2341","アルバイトタイムス","東証","20230309","日証金","確報","6300","0","74900","0","0","0","74900","6300"
"2342","トランスジェニック","東証","20230309","日証金","確報","300","0","10100","0","0","0","10100","300"
"2344","平安レイサービス","東証","20230309","日証金","確報","0","0","2600","0","0","0","2600","0"
"2345","クシム","東証","20230309","日証金","確報","0","7300","69000","0","0","0","69000","-7300"
"2349","エヌアイデイ","東証","20230309","日証金","確報","0","0","0","0","0","0","0","0"
"2351","ＡＳＪ","東証","20230309","日証金","確報","0","0","4300","0","0","0","4300","0"
"2353","日本駐車場開発","東証","20230309","日証金","確報","11200","139500","480400","1900","0","11900","468500","-130200"
"2354","ＹＥ　ＤＩＧＩＴＡＬ","東証","20230309","日証金","確報","1100","900","36000","0","0","0","36000","200"
"2359","コア","東証","20230309","日証金","確報","0","100","72600","2100","300","2500","70100","-1900"
"2370","メディネット","東証","20230309","日証金","確報","37100","31800","1378800","0","0","0","1378800","5300"
"2371","カカクコム","東証","20230309","日証金","確報","500","900","52300","0","0","9500","42800","-400"
"2372","アイロムグループ","東証","20230309","日証金","確報","100","300","85700","0","0","0","85700","-200"
"2373","ケア２１","東証","20230309","日証金","確報","0","0","2300","0","0","0","2300","0"
"2374","セントケアＨＤ","東証","20230309","日証金","確報","0","0","1700","0","0","0","1700","0"
"2375","ギグワークス","東証","20230309","日証金","確報","0","1100","16800","0","0","0","16800","-1100"
"2376","サイネックス","東証","20230309","日証金","確報","0","0","1300","0","0","0","1300","0"
"2378","ルネサンス","東証","20230309","日証金","確報","100","1000","8000","500","0","34800","-26800","-1400"
"2379","ディップ","東証","20230309","日証金","確報","1700","0","17900","0","200","500","17400","1900"
"2384","ＳＢＳＨＤ","東証","20230309","日証金","確報","1800","1700","7900","200","100","7900","0","0"
"2385","総医研ＨＤ","東証","20230309","日証金","確報","0","100","42700","0","0","0","42700","-100"
"2388","ウェッジＨＤ","東証","20230309","日証金","確報","0","8600","143800","0","0","0","143800","-8600"
"2389","デジタルＨＤ","東証","20230309","日証金","確報","400","300","2700","100","0","2700","0","0"
"2391","プラネット","東証","20230309","日証金","確報","0","0","900","0","0","0","900","0"
"2393","日本ケアサプライ","東証","20230309","日証金","確報","0","100","200","0","0","0","200","-100"
"2395","新日本科学","東証","20230309","日証金","確報","1500","0","37100","2900","31500","407100","-370000","30100"
"2397","ＤＮＡチップ研究所","東証","20230309","日証金","確報","600","200","20700","0","0","0","20700","400"
"2402","アマナ","東証","20230309","日証金","確報","0","0","200","0","0","0","200","0"
"2404","鉄人化計画","東証","20230309","日証金","確報","100","500","25300","0","400","25300","0","0"
"2408","ＫＧ情報","東証","20230309","日証金","確報","0","2000","5100","0","0","0","5100","-2000"
"2410","キャリアＤセンタ","東証","20230309","日証金","確報","47100","100","53800","1800","400","59300","-5500","45600"
"2411","ゲンダイエージェンシ","東証","20230309","日証金","確報","15500","1300","40700","0","4800","18200","22500","19000"
"2412","ベネフィット・ワン","東証","20230309","日証金","確報","3000","1100","51600","3800","0","51600","0","-1900"
"2413","エムスリー","東証","20230309","日証金","確報","700","6100","214200","3300","500","9800","204400","-8200"
"2415","ヒューマンＨＤ","東証","20230309","日証金","確報","0","0","600","0","0","0","600","0"
"2418","ツカダグローバルＨＤ","東証","20230309","日証金","確報","300","300","33400","300","2000","3000","30400","1700"
"2424","ブラス","名証","20230309","日証金","確報","0","0","0","0","0","0","0","0"
"2424","ブラス","東証","20230309","日証金","確報","1000","0","9700","0","0","0","9700","1000"
"2425","ケアサービス","東証","20230309","日証金","確報","0","0","5200","0","0","0","5200","0"
"2427","アウトソーシング","東証","20230309","日証金","確報","1900","12900","101600","0","100","25700","75900","-10900"
"2428","ウェルネット","札証","20230309","日証金","確報","0","0","0","0","0","0","0","0"
"2428","ウェルネット","東証","20230309","日証金","確報","2900","100","33000","0","400","1400","31600","3200"
"2429","ワールドＨＤ","東証","20230309","日証金","確報","0","400","1200","100","0","300","900","-500"
"2432","ディー・エヌ・エー","東証","20230309","日証金","確報","0","2300","11300","1100","200","3400","7900","-3200"
"2433","博報堂ＤＹＨＤ","東証","20230309","日証金","確報","100","0","4000","6600","400","53600","-49600","-6100"
"2435","シダー","東証","20230309","日証金","確報","700","700","33400","100","0","35600","-2200","-100"
"2436","共同ピーアール","東証","20230309","日証金","確報","0","0","5600","0","0","0","5600","0"
"2437","シンワワイズ","東証","20230309","日証金","確報","2500","4500","62800","0","0","0","62800","-2000"
"2438","アスカネット","東証","20230309","日証金","確報","28200","25400","509900","2800","0","509900","0","0"
"2440","ぐるなび","東証","20230309","日証金","確報","5900","1300","292600","4600","0","292600","0","0"
"2445","タカミヤ","東証","20230309","日証金","確報","0","100","1200","0","0","0","1200","-100"
"2449","プラップジャパン","東証","20230309","日証金","確報","0","0","1600","0","0","0","1600","0"
"2453","ジャパンベストレスキ","名証","20230309","日証金","確報","0","0","0","0","0","0","0","0"
"2453","ジャパンベストレスキ","東証","20230309","日証金","確報","0","0","500","100","0","300","200","-100"
"2454","オールアバウト","東証","20230309","日証金","確報","0","200","1700","0","0","0","1700","-200"
"2459","アウンコンサル","東証","20230309","日証金","確報","2200","0","5300","0","0","0","5300","2200"
"2461","ファンコミュニ","東証","20230309","日証金","確報","0","0","10900","0","0","0","10900","0"
"2462","ライク","東証","20230309","日証金","確報","900","0","38100","0","0","68100","-30000","900"
"2464","ビジネス・ブレクスル","東証","20230309","日証金","確報","0","100","2800","0","0","0","2800","-100"
"2468","フュートレック","東証","20230309","日証金","確報","100","6300","6500","0","0","0","6500","-6200"
"2469","ヒビノ","東証","20230309","日証金","確報","0","0","1600","0","0","0","1600","0"
"2471","エスプール","東証","20230309","日証金","確報","4500","200","192700","0","0","23600","169100","4300"
"2475","ＷＤＢＨＤ","東証","20230309","日証金","確報","0","0","900","0","0","0","900","0"
"2477","手間いらず","東証","20230309","日証金","確報","100","0","10200","0","0","1000","9200","100"
"2479","ジェイテック","東証","20230309","日証金","確報","4100","19000","81800","0","0","0","81800","-14900"
"2480","システムロケーション","東証","20230309","日証金","確報","0","100","1200","0","0","0","1200","-100"
"2481","タウンニュース社","東証","20230309","日証金","確報","0","0","600","0","0","300","300","0"
"2483","翻訳センター","東証","20230309","日証金","確報","0","0","700","0","0","0","700","0"
"2484","出前館","東証","20230309","日証金","確報","8200","58600","94700","112900","12900","246400","-151700","-150400"
"2485","ティア","名証","20230309","日証金","確報","0","0","0","0","0","0","0","0"
"2485","ティア","東証","20230309","日証金","確報","200","0","2000","0","0","400","1600","200"
"2487","ＣＤＧ","東証","20230309","日証金","確報","0","0","300","0","0","300","0","0"
"2488","ＪＴＰ","東証","20230309","日証金","確報","0","100","21700","0","0","0","21700","-100"
"2489","アドウェイズ","東証","20230309","日証金","確報","700","1700","34900","0","400","6700","28200","-600"
"2491","バリューコマース","東証","20230309","日証金","確報","300","1300","24500","0","0","0","24500","-1000"
"2492","インフォマート","東証","20230309","日証金","確報","13100","55900","231400","0","0","0","231400","-42800"
"2493","イーサポートリンク","東証","20230309","日証金","確報","1600","0","3700","0","0","0","3700","1600"
"2497","ユナイテッド","東証","20230309","日証金","確報","100","100","3800","0","0","1600","2200","0"
"2498","オリコンＨＤ","東証","20230309","日証金","確報","0","1300","2000","0","0","0","2000","-1300"
"2499","日本和装ＨＤ","東証","20230309","日証金","確報","0","100","0","0","0","0","0","-100"
"2501","サッポロＨＤ","札証","20230309","日証金","確報","0","0","0","0","0","0","0","0"
"2501","サッポロＨＤ","東証","20230309","日証金","確報","400","0","10400","2700","2100","65200","-54800","-200"
"2502","アサヒグループＨＤ","東証","20230309","日証金","確報","100","200","4800","1000","10900","97200","-92400","9800"
"2503","キリンＨＤ","名証","20230309","日証金","確報","0","0","0","0","0","0","0","0"
"2503","キリンＨＤ","札証","20230309","日証金","確報","0","0","0","0","0","0","0","0"
"2503","キリンＨＤ","東証","20230309","日証金","確報","100","1600","45200","200","0","200","45000","-1700"
"2503","キリンＨＤ","福証","20230309","日証金","確報","0","0","0","0","0","0","0","0"
"2510","国内債券","東証","20230309","日証金","確報","90","0","4180","10","0","5670","-1490","80"
"2511","外国債券ヘッジなし","東証","20230309","日証金","確報","0","0","0","0","0","0","0","0"
"2512","外国債券ヘッジあり","東証","20230309","日証金","確報","0","0","1000","0","0","1000","0","0"
"2513","外国株式ヘッジなし","東証","20230309","日証金","確報","0","260","0","0","0","0","0","-260"
"2514","外国株式ヘッジあり","東証","20230309","日証金","確報","0","100","0","0","0","0","0","-100"
"2515","外国リートヘッジなし","東証","20230309","日証金","確報","200","7180","200","40","40","2370","-2170","-6980"
"2516","東証マザーズＥＴＦ","東証","20230309","日証金","確報","0","1300","47560","20650","50","377430","-329870","-21900"
"2517","ＭＸＳＪリートコア","東証","20230309","日証金","確報","0","0","60","0","0","60","0","0"
"2518","日本株女性活躍ＥＴＦ","東証","20230309","日証金","確報","46426","0","47626","0","2384","121","47505","48810"
"2519","新興国債券ヘッジなし","東証","20230309","日証金","確報","0","0","0","0","0","0","0","0"
"2520","新興国株式ヘッジなし","東証","20230309","日証金","確報","0","10","40","0","40","0","40","30"
"2521","上場米国ヘッジあり","東証","20230309","日証金","確報","0","100","384340","20","1100","11980","372360","980"
"2522","ｉＳロボット","東証","20230309","日証金","確報","40","17","525","0","5","887","-362","28"
"2523","ＭＸＳトピ除く金融","東証","20230309","日証金","確報","0","0","20","0","0","0","20","0"
"2524","ＮＺＡＭ　ＴＰＸ","東証","20230309","日証金","確報","0","0","0","0","0","0","0","0"
"2525","ＮＺＡＭ　２２５","東証","20230309","日証金","確報","0","0","0","0","0","0","0","0"
"2526","ＮＺＡＭ　４００","東証","20230309","日証金","確報","0","0","0","0","0","0","0","0"
"2527","ＮＺＡＭＪリートコア","東証","20230309","日証金","確報","0","0","0","0","0","0","0","0"
"2528","大和Ｊリートコア","東証","20230309","日証金","確報","0","0","0","0","0","100","-100","0"
"2529","株主還元７０ＥＴＦ","東証","20230309","日証金","確報","95","0","100","0","0","0","100","95"
"2530","ＭＸＳ中国Ａ株１８０","東証","20230309","日証金","確報","0","0","0","0","0","0","0","0"
"2531","宝ホールディングス","東証","20230309","日証金","確報","300","2000","27600","0","0","1300","26300","-1700"
"2533","オエノンＨＤ","東証","20230309","日証金","確報","0","1100","11500","0","0","8600","2900","-1100"
"2540","養命酒製造","名証","20230309","日証金","確報","0","0","0","0","0","0","0","0"
"2540","養命酒製造","東証","20230309","日証金","確報","200","1400","1300","0","100","400","900","-1100"
"2551","マルサンアイ","名証","20230309","日証金","確報","0","0","100","0","0","0","100","0"
"2552","上場ＪリートＭ","東証","20230309","日証金","確報","0","151","1","0","0","0","1","-151"
"2553","Ｏｎｅ・ＣＳＩ５００","東証","20230309","日証金","確報","0","0","100","0","0","0","100","0"
"2554","米国社債１０年ヘッジ","東証","20230309","日証金","確報","0","0","0","0","0","0","0","0"
"2555","東証ＲＥＩＴ－ＥＴＦ","東証","20230309","日証金","確報","0","50","420","0","0","420","0","-50"
"2556","Ｏｎｅ・Ｊリート","東証","20230309","日証金","確報","0","0","30","0","0","30","0","0"
"2557","ＳＭＤＡＭトピックス","東証","20230309","日証金","確報","0","0","0","0","0","0","0","0"
"2558","ＭＸＳ米株ＳＰ５００","東証","20230309","日証金","確報","201","0","26883","40","0","2554","24329","161"
"2559","ＭＸＳ全世界株式","東証","20230309","日証金","確報","7","0","209","4","0","137","72","3"
"2560","ＭＸＳカーボン日本株","東証","20230309","日証金","確報","0","0","0","0","0","0","0","0"
"2561","ｉＳ日本国債","東証","20230309","日証金","確報","4200","502","15173","6076","20","17236","-2063","-2358"
"2562","上場ダウヘッジあり","東証","20230309","日証金","確報","8840","0","35060","10","1670","25600","9460","10500"
"2563","ｉＳＳＰ５百米株ヘジ","東証","20230309","日証金","確報","0","0","1329260","0","0","1000","1328260","0"
"2564","ＧＸスーパーディビ","東証","20230309","日証金","確報","9","0","49","260","0","260","-211","-251"
"2565","ＧＸロジＪリート","東証","20230309","日証金","確報","0","0","0","0","0","0","0","0"
"2566","上場ＥＳＧリート","東証","20230309","日証金","確報","0","0","0","0","0","0","0","0"
"2567","ＮＺＡＭ　カーボン","東証","20230309","日証金","確報","0","0","80","0","0","40","40","0"
"2568","上場ＮＳＱ１００ヘ無","東証","20230309","日証金","確報","990","400","10990","0","10","18550","-7560","600"
"2569","上場ＮＳＱ１００ヘ有","東証","20230309","日証金","確報","0","60","20820","0","0","0","20820","-60"
"2573","北海道コカ・コーラ","札証","20230309","日証金","確報","0","0","0","0","0","0","0","0"
"2573","北海道コカ・コーラ","東証","20230309","日証金","確報","300","0","400","0","0","0","400","300"
"2579","コカ・コーラＢＪＨ","東証","20230309","日証金","確報","900","0","139000","400","800","2300","136700","1300"
"2585","ライフドリンクＣ","東証","20230309","日証金","確報","0","300","2200","0","0","0","2200","-300"
"2586","フルッタフルッタ","東証","20230309","日証金","確報","0","7600","66200","0","0","0","66200","-7600"
"2587","サントリー食品インタ","東証","20230309","日証金","確報","1800","300","16600","1200","0","18300","-1700","300"
"2588","ＰウォーターＨＤ","東証","20230309","日証金","確報","0","0","1200","0","0","0","1200","0"
"2590","ＤｙＤｏ","東証","20230309","日証金","確報","0","400","500","2600","100","8200","-7700","-2900"
"2593","伊藤園","東証","20230309","日証金","確報","1100","100","27700","200","0","2900","24800","800"
"25935","伊藤園第１種優先株式","東証","20230309","日証金","確報","0","100","26300","0","0","0","26300","-100"
"2594","キーコーヒー","東証","20230309","日証金","確報","0","300","3400","500","0","9400","-6000","-800"
"2597","ユニカフェ","東証","20230309","日証金","確報","0","0","300","0","0","0","300","0"
"2599","ジャパンフーズ","東証","20230309","日証金","確報","0","0","6100","1000","0","9900","-3800","-1000"
"2602","日清オイリオグループ","東証","20230309","日証金","確報","600","200","2700","1200","0","1400","1300","-800"
"2607","不二製油グループ本社","東証","20230309","日証金","確報","600","300","9300","0","0","7000","2300","300"
"2612","かどや製油","東証","20230309","日証金","確報","0","0","200","0","0","0","200","0"
"2613","Ｊ－オイルミルズ","東証","20230309","日証金","確報","0","300","1300","100","200","100","1200","-200"
"2620","ｉＳ米国債一三","東証","20230309","日証金","確報","0","0","7370","0","0","0","7370","0"
"2621","ｉＳ米国債二十ヘジ","東証","20230309","日証金","確報","30","8000","49983","0","0","0","49983","-7970"
"2622","ｉＳ新興国債券ヘジ","東証","20230309","日証金","確報","0","0","452","0","0","0","452","0"
"2623","ｉＳユロＩＧ社債ヘジ","東証","20230309","日証金","確報","0","0","0","0","0","0","0","0"
"2624","ｉＦ２２５年４","東証","20230309","日証金","確報","0","0","7","1","0","79","-72","-1"
"2625","ｉＦＴＰＸ年４","東証","20230309","日証金","確報","0","0","1960","0","0","0","1960","0"
"2626","ＧＸデジタル日株","東証","20230309","日証金","確報","0","0","6","0","0","0","6","0"
"2627","ＧＸｅコマース日株","東証","20230309","日証金","確報","0","0","5","0","0","0","5","0"
"2628","ｉＦ中国科創板５０","東証","20230309","日証金","確報","13","13","400","0","0","400","0","0"
"2629","ｉＦ中国ＧＢＡ１００","東証","20230309","日証金","確報","25","25","80","0","0","80","0","0"
"2630","ＭＸＳ米株ＳＰ５へ有","東証","20230309","日証金","確報","40","0","30317","0","61","382","29935","101"
"2631","ＭＸＳナス１００","東証","20230309","日証金","確報","0","8330","7","0","76","9584","-9577","-8254"
"2632","ＭＸＳナス１００へ有","東証","20230309","日証金","確報","630","20","1660","60","222","2165","-505","772"
"2633","Ｓ＆Ｐ５００ヘッジ無","東証","20230309","日証金","確報","0","700","2870","0","970","450","2420","270"
"2634","Ｓ＆Ｐ５００ヘッジ有","東証","20230309","日証金","確報","3020","0","158030","100","27570","62260","95770","30490"
"2635","Ｓ＆Ｐ５００ＥＳＧ","東証","20230309","日証金","確報","0","0","0","0","0","0","0","0"
"2636","ＧＸガバナンス日株","東証","20230309","日証金","確報","0","1","25","0","0","12","13","-1"
"2637","ＧＸクリーン日株","東証","20230309","日証金","確報","0","21","6","0","0","29","-23","-21"
"2638","ＧＸロボ＆ＡＩ日株","東証","20230309","日証金","確報","17","27","70","68","0","112","-42","-78"
"2639","ＧＸバイオ＆メド日株","東証","20230309","日証金","確報","0","0","15","0","0","15","0","0"
"2640","ＧＸゲームアニメ日株","東証","20230309","日証金","確報","0","0","11","1","0","8","3","-1"
"2641","ＧＸＧリーダーズ日株","東証","20230309","日証金","確報","0","6","15","0","0","0","15","-6"
"2642","ＳＭＴ低炭素日本株","東証","20230309","日証金","確報","0","0","0","0","0","0","0","0"
"2643","ＭＳＣＩ日本株ＥＳＧ","東証","20230309","日証金","確報","0","0","0","0","0","0","0","0"
"2644","ＧＸ半導体日株","東証","20230309","日証金","確報","0","19","2272","1099","951","2439","-167","-167"
"2645","ＧＸレジ＆エンタ日株","東証","20230309","日証金","確報","0","3","5","1","0","18","-13","-4"
"2646","ＧＸメタルビジ日株","東証","20230309","日証金","確報","0","0","2","0","0","0","2","0"
"2647","米債７－１０ヘッジ無","東証","20230309","日証金","確報","0","0","0","0","0","0","0","0"
"2648","米債７－１０ヘッジ有","東証","20230309","日証金","確報","0","0","0","0","0","0","0","0"
"2649","ｉＳＧＮＭＡ債ヘジ","東証","20230309","日証金","確報","0","0","0","0","0","0","0","0"
"2651","ローソン","東証","20230309","日証金","確報","700","100","7500","2200","1200","46800","-39300","-400"
"2652","まんだらけ","東証","20230309","日証金","確報","0","400","157000","1300","4500","45800","111200","2800"
"2653","イオン九州","東証","20230309","日証金","確報","0","0","1400","0","0","0","1400","0"
"2654","アスモ","東証","20230309","日証金","確報","0","1400","3700","0","0","0","3700","-1400"
"2656","ベクター","東証","20230309","日証金","確報","0","400","7600","0","0","0","7600","-400"
"2659","サンエー","東証","20230309","日証金","確報","1500","700","1700","800","0","1700","0","0"
"2664","カワチ薬品","東証","20230309","日証金","確報","0","500","300","83600","1800","286900","-286600","-82300"
"2666","オートウェーブ","東証","20230309","日証金","確報","5300","1500","109000","0","0","0","109000","3800"
"2667","イメージ　ワン","東証","20230309","日証金","確報","100","1900","380200","0","0","202900","177300","-1800"
"2668","タビオ","東証","20230309","日証金","確報","0","0","0","0","0","0","0","0"
"2669","カネ美食品","東証","20230309","日証金","確報","100","0","500","0","1200","15900","-15400","1300"
"2670","エービーシー・マート","東証","20230309","日証金","確報","600","400","2000","1700","500","25300","-23300","-1000"
"2673","夢みつけ隊","東証","20230309","日証金","確報","7200","0","14800","0","0","0","14800","7200"
"2674","ハードオフ","東証","20230309","日証金","確報","500","700","12400","600","600","6600","5800","-200"
"2676","高千穂交易","東証","20230309","日証金","確報","2400","2200","27300","300","400","67400","-40100","300"
"2678","アスクル","東証","20230309","日証金","確報","0","100","27200","200","700","2800","24400","400"
"2681","ゲオホールディングス","東証","20230309","日証金","確報","2200","100","61800","100","100","1900","59900","2100"
"2683","魚喜","東証","20230309","日証金","確報","0","0","0","0","0","0","0","0"
"2685","アダストリア","東証","20230309","日証金","確報","200","7000","3100","9900","4000","58000","-54900","-12700"
"2686","ジーフット","名証","20230309","日証金","確報","0","0","0","0","0","0","0","0"
"2686","ジーフット","東証","20230309","日証金","確報","0","0","400","0","0","0","400","0"
"2687","ＣＶＳベイエリア","東証","20230309","日証金","確報","1200","2200","6300","0","3900","6100","200","2900"
"2689","オルバヘルスケアＨＤ","東証","20230309","日証金","確報","100","0","1100","0","0","200","900","100"
"2692","伊藤忠食品","東証","20230309","日証金","確報","0","300","800","0","0","600","200","-300"
"2693","ＹＫＴ","東証","20230309","日証金","確報","0","0","21700","0","0","0","21700","0"
"2694","焼肉坂井ＨＤ","東証","20230309","日証金","確報","1000","0","14100","200","1600","1600","12500","2400"
"2695","くら寿司","東証","20230309","日証金","確報","100","3300","2500","17600","2000","27300","-24800","-18800"
"2698","キャンドゥ","東証","20230309","日証金","確報","0","1800","7600","0","0","0","7600","-1800"
"2700","木徳神糧","東証","20230309","日証金","確報","200","0","900","0","0","0","900","200"
"2702","日本マクドナルドＨＤ","東証","20230309","日証金","確報","1500","200","3300","7300","1000","145000","-141700","-5000"
"2705","大戸屋ＨＤ","東証","20230309","日証金","確報","400","1000","11700","0","0","0","11700","-600"
"2706","ブロッコリー","東証","20230309","日証金","確報","0","0","1800","0","0","0","1800","0"
"2708","久世","東証","20230309","日証金","確報","0","300","8100","0","0","0","8100","-300"
"2715","エレマテック","東証","20230309","日証金","確報","600","600","7700","500","500","7700","0","0"
"2721","ジェイＨＤ","東証","20230309","日証金","確報","1200","0","55100","0","0","0","55100","1200"
"2722","ＩＫホールディングス","名証","20230309","日証金","確報","0","0","0","0","0","0","0","0"
"2722","ＩＫホールディングス","東証","20230309","日証金","確報","0","10300","17700","0","0","47700","-30000","-10300"
"2726","パルグループＨＤ","東証","20230309","日証金","確報","300","3500","11300","3800","0","10200","1100","-7000"
"2730","エディオン","東証","20230309","日証金","確報","2700","600","38800","600","4100","12300","26500","5600"
"2733","あらた","東証","20230309","日証金","確報","0","200","700","100","0","400","300","-300"
"2734","サーラコーポ","名証","20230309","日証金","確報","0","0","0","0","0","0","0","0"
"2734","サーラコーポ","東証","20230309","日証金","確報","14900","0","17300","0","100","14100","3200","15000"
"2735","ワッツ","東証","20230309","日証金","確報","10100","0","11500","400","0","13500","-2000","9700"
"2736","フェスタリアＨＤ","東証","20230309","日証金","確報","0","0","0","0","0","0","0","0"
"2737","トーメンデバイス","東証","20230309","日証金","確報","0","500","500","0","0","0","500","-500"
"2742","ハローズ","東証","20230309","日証金","確報","0","100","600","0","0","300","300","-100"
"2743","ピクセルカンパニーズ","東証","20230309","日証金","確報","200","0","32400","0","0","0","32400","200"
"2747","北雄ラッキー","東証","20230309","日証金","確報","0","0","200","0","0","0","200","0"
"2749","ＪＰホールディングス","東証","20230309","日証金","確報","100","7200","130500","200","0","50400","80100","-7300"
"2750","石光商事","東証","20230309","日証金","確報","0","100","3600","0","0","0","3600","-100"
"2751","テンポスＨＤ","東証","20230309","日証金","確報","1400","1200","2000","5000","100","6200","-4200","-4700"
"2752","フジオフードＧ本社","東証","20230309","日証金","確報","0","300","2900","3400","200","48700","-45800","-3500"
"2753","あみやき亭","名証","20230309","日証金","確報","0","0","0","0","0","0","0","0"
"2753","あみやき亭","東証","20230309","日証金","確報","0","0","1800","0","0","0","1800","0"
"2754","東葛ホールディングス","東証","20230309","日証金","確報","0","0","300","0","0","0","300","0"
"2760","東京エレクトロンデバ","東証","20230309","日証金","確報","1700","2000","6700","2000","1400","24400","-17700","-900"
"2762","ＳＡＮＫＯ　ＭＦ","東証","20230309","日証金","確報","100","0","3600","0","0","0","3600","100"
"2763","エフティグループ","東証","20230309","日証金","確報","0","0","3800","0","300","200","3600","300"
"2764","ひらまつ","東証","20230309","日証金","確報","0","0","13800","0","0","0","13800","0"
"2767","円谷フィールズＨＤ","東証","20230309","日証金","確報","2900","33400","50400","0","0","0","50400","-30500"
"2768","双日","東証","20230309","日証金","確報","26700","3400","99800","100","1900","1400","98400","25100"
"2769","ヴィレッジヴァンガド","東証","20230309","日証金","確報","0","0","4000","0","0","0","4000","0"
"2776","新都ホールディングス","東証","20230309","日証金","確報","400","0","48000","0","0","0","48000","400"
"2777","カッシーナ・イクスシ","東証","20230309","日証金","確報","200","0","4300","0","0","0","4300","200"
"2778","パレモ・ＨＤ","名証","20230309","日証金","確報","0","0","0","0","0","0","0","0"
"2778","パレモ・ＨＤ","東証","20230309","日証金","確報","3100","100","83500","0","0","0","83500","3000"
"2780","コメ兵ＨＤ","名証","20230309","日証金","確報","0","0","0","0","0","0","0","0"
"2780","コメ兵ＨＤ","東証","20230309","日証金","確報","100","500","23400","0","0","0","23400","-400"
"2782","セリア","東証","20230309","日証金","確報","2300","0","5700","0","100","400","5300","2400"
"2784","アルフレッサＨＤ","東証","20230309","日証金","確報","3100","2700","7000","63500","0","110900","-103900","-63100"
"2788","アップルインタナショ","東証","20230309","日証金","確報","0","3900","59100","0","0","0","59100","-3900"
"2789","カルラ","東証","20230309","日証金","確報","0","0","200","0","0","0","200","0"
"2790","ナフコ","東証","20230309","日証金","確報","500","0","2100","0","0","0","2100","500"
"2791","大黒天物産","東証","20230309","日証金","確報","0","3800","5700","100","300","17500","-11800","-3600"
"2792","ハニーズＨＬＤ","東証","20230309","日証金","確報","500","100","6000","500","5700","12500","-6500","5600"
"2795","日本プリメックス","東証","20230309","日証金","確報","0","0","700","0","0","0","700","0"
"2796","ファーマライズＨＤ","東証","20230309","日証金","確報","0","1000","600","0","100","200","400","-900"
"2801","キッコーマン","東証","20230309","日証金","確報","0","1800","21600","0","0","0","21600","-1800"
"2802","味の素","東証","20230309","日証金","確報","1500","5700","20200","57300","1500","154100","-133900","-60000"
"2804","ブルドックソース","東証","20230309","日証金","確報","100","0","300","500","700","90900","-90600","300"
"2805","ヱスビー食品","東証","20230309","日証金","確報","0","0","0","0","0","0","0","0"
"2806","ユタカフーズ","名証","20230309","日証金","確報","0","0","0","0","0","0","0","0"
"2806","ユタカフーズ","東証","20230309","日証金","確報","0","0","3700","0","0","0","3700","0"
"2809","キユーピー","東証","20230309","日証金","確報","5000","1200","16600","400","1900","21000","-4400","5300"
"2810","ハウス食品Ｇ本社","東証","20230309","日証金","確報","0","600","10900","0","0","100","10800","-600"
"2811","カゴメ","名証","20230309","日証金","確報","0","0","0","0","0","0","0","0"
"2811","カゴメ","東証","20230309","日証金","確報","0","1300","4900","200","0","7200","-2300","-1500"
"2812","焼津水産化学工業","東証","20230309","日証金","確報","0","0","800","0","0","0","800","0"
"2813","和弘食品","札証","20230309","日証金","確報","0","0","0","0","0","0","0","0"
"2813","和弘食品","東証","20230309","日証金","確報","0","100","1700","0","0","0","1700","-100"
"2814","佐藤食品工業","東証","20230309","日証金","確報","0","0","200","0","0","0","200","0"
"2815","アリアケジャパン","東証","20230309","日証金","確報","500","0","1400","400","100","3000","-1600","200"
"2816","ダイショー","東証","20230309","日証金","確報","0","0","0","0","0","1200","-1200","0"
"2818","ピエトロ","東証","20230309","日証金","確報","0","0","300","1800","100","6300","-6000","-1700"
"2819","エバラ食品工業","東証","20230309","日証金","確報","0","100","1600","900","0","7700","-6100","-1000"
"2820","やまみ","東証","20230309","日証金","確報","0","0","2900","0","0","0","2900","0"
"2830","アヲハタ","東証","20230309","日証金","確報","0","0","400","0","0","0","400","0"
"2831","はごろもフーズ","東証","20230309","日証金","確報","0","0","300","0","0","0","300","0"
"2836","ＧＸフィンテック日株","東証","20230309","日証金","確報","0","0","9","0","0","10","-1","0"
"2837","ＧＸ中小リーダー日株","東証","20230309","日証金","確報","0","0","5","0","0","10","-5","0"
"2838","ＭＸ米債７－１０ヘ無","東証","20230309","日証金","確報","0","0","150","0","0","0","150","0"
"2839","ＭＸ米債７－１０ヘ有","東証","20230309","日証金","確報","0","0","4","0","0","0","4","0"
"2840","ｉＦナス１００Ｈ無","東証","20230309","日証金","確報","0","21","266","196","0","1037","-771","-217"
"2841","ｉＦナス１００Ｈ有","東証","20230309","日証金","確報","1788","20","10882","0","660","8554","2328","2428"
"2842","ｉＦナス１００ベア","東証","20230309","日証金","確報","1","514","4267","0","0","0","4267","-513"
"2843","上場豪債ヘッジあり","東証","20230309","日証金","確報","0","0","0","0","0","0","0","0"
"2844","上場豪債ヘッジなし","東証","20230309","日証金","確報","0","0","10","0","0","0","10","0"
"2845","ナスダックヘッジ有","東証","20230309","日証金","確報","5160","0","34420","580","0","14040","20380","4580"
"2846","ダウヘッジ有","東証","20230309","日証金","確報","0","0","30000","0","140","2900","27100","140"
"2847","ＧＸ成長インフラ日株","東証","20230309","日証金","確報","0","0","1","1","0","2","-1","-1"
"2848","ＧＸ気候変動日株","東証","20230309","日証金","確報","0","0","1","0","0","0","1","0"
"2849","ＧＸ高配当ＥＳＧ日株","東証","20230309","日証金","確報","0","0","3","0","0","1","2","0"
"2850","ソラクティブ日ＥＳＧ","東証","20230309","日証金","確報","0","0","0","0","0","0","0","0"
"2851","ｉＳＭＳＣＩＪＳＲＩ","東証","20230309","日証金","確報","0","0","0","0","0","0","0","0"
"2852","ｉＳグリーンＪリート","東証","20230309","日証金","確報","0","0","20","0","0","10","10","0"
"2853","ｉＳ気候外国債券ヘジ","東証","20230309","日証金","確報","0","0","0","0","0","0","0","0"
"2854","ＧＸテック２０日株","東証","20230309","日証金","確報","0","0","206","0","0","33","173","0"
"2855","ＧＸグリＪリート","東証","20230309","日証金","確報","0","0","13","0","8","0","13","8"
"2856","ｉＳ米国債三七ヘジ","東証","20230309","日証金","確報","450","0","1650","0","0","0","1650","450"
"2857","ｉＳドイツ国債ヘジ","東証","20230309","日証金","確報","0","0","0","0","0","0","0","0"
"2858","ＧＸ日経カバコ","東証","20230309","日証金","確報","0","0","1","0","0","0","1","0"
"2859","ＳＴＯＸＸヘッジ有","東証","20230309","日証金","確報","20","0","60","1000","10","4150","-4090","-970"
"2860","ＤＡＸヘッジ有","東証","20230309","日証金","確報","0","0","470","0","0","2930","-2460","0"
"2861","上場フランス国債Ｈ無","東証","20230309","日証金","確報","0","0","0","0","0","0","0","0"
"2862","上場フランス国債Ｈ有","東証","20230309","日証金","確報","0","0","0","0","0","0","0","0"
"2863","米バラ保守ヘッジ有","東証","20230309","日証金","確報","0","0","0","0","0","0","0","0"
"2864","ＧＸロジリート","東証","20230309","日証金","確報","0","0","9","0","0","0","9","0"
"2865","ＧＸＮＤＸカバコ","東証","20230309","日証金","確報","0","0","9","0","0","3","6","0"
"2866","ＧＸ優先証券","東証","20230309","日証金","確報","200","0","321","0","0","1","320","200"
"2867","ＧＸ自動ＥＶ","東証","20230309","日証金","確報","0","2","20","0","0","0","20","-2"
"2868","ＧＸＳＰＸカバコ","東証","20230309","日証金","確報","100","0","101","0","0","0","101","100"
"2869","ｉＦナス１００ダブル","東証","20230309","日証金","確報","759","222","4440","0","0","25","4415","537"
"2870","ｉＦナス１００Ｗベア","東証","20230309","日証金","確報","38","134","4478","0","0","0","4478","-96"
"2871","ニチレイ","東証","20230309","日証金","確報","0","0","6100","2600","200","12100","-6000","-2400"
"2872","セイヒョー","東証","20230309","日証金","確報","200","0","1600","0","0","0","1600","200"
"2874","横浜冷凍","東証","20230309","日証金","確報","500","0","3000","600","6000","9700","-6700","5900"
"2875","東洋水産","東証","20230309","日証金","確報","1400","700","4400","800","0","4300","100","-100"
"2876","デルソーレ","東証","20230309","日証金","確報","0","0","0","0","0","0","0","0"
"2877","日東ベスト","東証","20230309","日証金","確報","0","0","0","0","0","0","0","0"
"2882","イートアンドＨＤ","東証","20230309","日証金","確報","0","7700","400","100","900","11100","-10700","-6900"
"2883","大冷","東証","20230309","日証金","確報","0","0","700","0","0","0","700","0"
"2884","ヨシムラフードＨＤ","東証","20230309","日証金","確報","0","0","4800","7300","5800","236400","-231600","-1500"
"2892","日本食品化工","東証","20230309","日証金","確報","200","400","7500","0","0","0","7500","-200"
"2894","石井食品","東証","20230309","日証金","確報","0","0","1200","0","0","0","1200","0"
"2897","日清食品ＨＤ","東証","20230309","日証金","確報","0","200","4800","10500","1600","84100","-79300","-9100"
"2899","永谷園ＨＤ","東証","20230309","日証金","確報","0","0","900","0","0","700","200","0"
"2901","石垣食品","東証","20230309","日証金","確報","100","0","3700","0","0","0","3700","100"
"2902","太陽化学","名証","20230309","日証金","確報","0","1500","10600","0","0","0","10600","-1500"
"2903","シノブフーズ","東証","20230309","日証金","確報","0","0","10700","0","0","0","10700","0"
"2904","一正蒲鉾","東証","20230309","日証金","確報","100","100","11100","0","0","11100","0","0"
"2907","あじかん","東証","20230309","日証金","確報","200","0","800","100","400","300","500","500"
"2908","フジッコ","東証","20230309","日証金","確報","0","200","400","0","600","0","400","400"
"2910","ロック・フィールド","東証","20230309","日証金","確報","300","1800","6300","2900","500","11200","-4900","-3900"
"2911","旭松食品","東証","20230309","日証金","確報","0","0","0","0","0","0","0","0"
"2914","日本たばこ産業","東証","20230309","日証金","確報","100","2000","74800","2000","100","4100","70700","-3800"
"2915","ケンコーマヨネーズ","東証","20230309","日証金","確報","0","800","2100","100","0","4800","-2700","-900"
"2916","仙波糖化工業","東証","20230309","日証金","確報","0","0","0","0","0","0","0","0"
"2917","大森屋","東証","20230309","日証金","確報","0","0","400","0","0","0","400","0"
"2918","わらべや日洋ＨＤ","東証","20230309","日証金","確報","0","0","6000","0","0","0","6000","0"
"2919","マルタイ","福証","20230309","日証金","確報","0","0","0","0","0","0","0","0"
"2922","なとり","東証","20230309","日証金","確報","200","100","900","300","0","4500","-3600","-200"
"2923","サトウ食品","東証","20230309","日証金","確報","0","0","0","0","0","0","0","0"
"2924","イフジ産業","東証","20230309","日証金","確報","100","0","1300","100","0","800","500","0"
"2924","イフジ産業","福証","20230309","日証金","確報","0","0","0","0","0","0","0","0"
"2926","篠崎屋","東証","20230309","日証金","確報","0","8800","16400","200","0","700","15700","-9000"
"2927","ＡＦＣＨＤアムスライ","東証","20230309","日証金","確報","0","100","69100","0","0","0","69100","-100"
"2928","ＲＩＺＡＰグループ","札証","20230309","日証金","確報","0","4500","301600","0","0","0","301600","-4500"
"2929","ファーマフーズ","東証","20230309","日証金","確報","1400","216700","83600","41100","100","1188300","-1104700","-256300"
"2930","北の達人コーポ","札証","20230309","日証金","確報","0","0","0","0","0","0","0","0"
"2930","北の達人コーポ","東証","20230309","日証金","確報","1300","0","381700","5000","44200","907700","-526000","40500"
"2931","ユーグレナ","東証","20230309","日証金","確報","6400","4500","173000","1900","0","173000","0","0"
"2932","ＳＴＩフードＨＤ","東証","20230309","日証金","確報","0","100","1300","0","0","0","1300","-100"
"2933","紀文食品","東証","20230309","日証金","確報","0","0","1600","0","0","0","1600","0"
"2934","ジェイフロンティア","東証","20230309","日証金","確報","0","0","5700","0","0","0","5700","0"
"2935","ピックルスＨＤ","東証","20230309","日証金","確報","0","0","1500","0","0","0","1500","0"
"2936","ベースフード","東証","20230309","日証金","確報","1900","800","44600","0","0","0","44600","1100"
"2937","サンクゼール","東証","20230309","日証金","確報","400","300","28500","0","0","0","28500","100"
"2961","日本調理機","東証","20230309","日証金","確報","0","0","900","0","0","0","900","0"
"2970","グッドライフＣ","東証","20230309","日証金","確報","0","400","1200","0","0","0","1200","-400"
"2971","Ｒ－エスコンジャパン","東証","20230309","日証金","確報","12","0","241","0","0","52","189","12"
"2972","Ｒ－サンケイＲＥ","東証","20230309","日証金","確報","15","0","749","0","0","0","749","15"
"2974","大英産業","福証","20230309","日証金","確報","100","0","500","0","0","0","500","100"
"2975","スター・マイカＨＤ","東証","20230309","日証金","確報","700","700","4700","100","4600","200","4500","4500"
"2976","日本グランデ","札証","20230309","日証金","確報","0","0","0","0","0","0","0","0"
"2978","ツクルバ","東証","20230309","日証金","確報","0","0","4400","0","0","0","4400","0"
"2979","Ｒ－ＳＯＳｉＬＡ物流","東証","20230309","日証金","確報","0","0","147","0","14","0","147","14"
"2980","ＳＲＥＨＤ","東証","20230309","日証金","確報","2000","500","29200","600","3700","30600","-1400","4600"
"2981","ランディックス","東証","20230309","日証金","確報","0","200","1000","0","0","0","1000","-200"
"2982","ＡＤワークスグループ","東証","20230309","日証金","確報","400","0","115500","0","0","0","115500","400"
"2983","アールプランナー","名証","20230309","日証金","確報","0","0","0","0","0","0","0","0"
"2983","アールプランナー","東証","20230309","日証金","確報","0","0","25200","0","0","0","25200","0"
"2984","ヤマイチ","東証","20230309","日証金","確報","0","0","4800","0","0","300","4500","0"
"2986","ＬＡホールディングス","東証","20230309","日証金","確報","2400","100","17500","500","100","6100","11400","1900"
"2987","タスキ","東証","20230309","日証金","確報","1100","600","17500","0","0","0","17500","500"
"2989","東海道リート投資法人","東証","20230309","日証金","確報","0","10","1108","0","0","0","1108","-10"
"2991","ランドネット","東証","20230309","日証金","確報","200","0","3500","0","0","0","3500","200"
"2993","長栄","東証","20230309","日証金","確報","0","0","2000","0","0","0","2000","0"
"2997","ストレージ王","東証","20230309","日証金","確報","0","0","5600","0","0","0","5600","0"
"2998","クリアル","東証","20230309","日証金","確報","4100","1900","67400","0","0","0","67400","2200"
"2999","ホームポジション","東証","20230309","日証金","確報","0","3300","19800","0","0","0","19800","-3300"
"3001","片倉工業","東証","20230309","日証金","確報","200","200","1600","0","0","1600","0","0"
"3002","グンゼ","東証","20230309","日証金","確報","200","0","700","0","3600","4800","-4100","3800"
"3003","ヒューリック","東証","20230309","日証金","確報","600","9900","47300","0","9800","0","47300","500"
"3004","神栄","東証","20230309","日証金","確報","500","0","16800","0","0","1700","15100","500"
"3010","ポラリスＨＤ","東証","20230309","日証金","確報","0","0","22500","0","0","0","22500","0"
"3011","バナーズ","東証","20230309","日証金","確報","0","0","45000","0","0","0","45000","0"
"3020","アプライド","東証","20230309","日証金","確報","100","0","3000","0","0","0","3000","100"
"3021","パシフィックネット","東証","20230309","日証金","確報","0","0","2000","0","0","0","2000","0"
"3023","ラサ商事","東証","20230309","日証金","確報","1600","2400","7900","0","0","600","7300","-800"
"3024","クリエイト","東証","20230309","日証金","確報","200","0","3400","0","0","0","3400","200"
"3028","アルペン","名証","20230309","日証金","確報","0","0","0","0","0","0","0","0"
"3028","アルペン","東証","20230309","日証金","確報","0","2000","2700","0","4200","900","1800","2200"
"3030","ハブ","東証","20230309","日証金","確報","12700","5600","40300","0","0","0","40300","7100"
"3031","ラクーンＨＤ","東証","20230309","日証金","確報","2400","2300","34100","0","100","0","34100","200"
"3032","ゴルフ・ドゥ","名証","20230309","日証金","確報","0","0","500","0","0","0","500","0"
"3034","クオールＨＤ","東証","20230309","日証金","確報","0","3000","4400","0","0","1000","3400","-3000"
"3035","ケイティケイ","名証","20230309","日証金","確報","0","0","0","0","0","0","0","0"
"3035","ケイティケイ","東証","20230309","日証金","確報","200","0","43700","0","0","0","43700","200"
"3036","アルコニックス","東証","20230309","日証金","確報","0","100","5600","0","100","5600","0","0"
"3038","神戸物産","東証","20230309","日証金","確報","1100","1000","63700","6500","1100","84500","-20800","-5300"
"3040","ソリトンシステムズ","東証","20230309","日証金","確報","700","0","9300","0","0","0","9300","700"
"3041","ビューティ花壇","東証","20230309","日証金","確報","200","0","11600","0","0","15400","-3800","200"
"3042","セキュアヴェイル","東証","20230309","日証金","確報","600","0","10500","0","0","0","10500","600"
"3045","カワサキ","東証","20230309","日証金","確報","100","0","1300","0","0","0","1300","100"
"3046","ＪＩＮＳＨＤ","東証","20230309","日証金","確報","0","2700","8900","0","0","700","8200","-2700"
"3047","ＴＲＵＣＫ－ＯＮＥ","福証","20230309","日証金","確報","0","0","0","0","0","0","0","0"
"3048","ビックカメラ","東証","20230309","日証金","確報","6100","1600","24300","100","500","19400","4900","4900"
"3050","ＤＣＭＨＤ","東証","20230309","日証金","確報","4200","0","12000","600","100","3800","8200","3700"
"3053","ペッパーフドサビス","東証","20230309","日証金","確報","2000","11300","114500","0","0","0","114500","-9300"
"3054","ハイパー","東証","20230309","日証金","確報","0","0","600","0","0","0","600","0"
"3055","ほくやく・竹山ＨＤ","札証","20230309","日証金","確報","0","0","17600","0","0","0","17600","0"
"3057","ゼットン","名証","20230309","日証金","確報","0","0","2300","0","0","0","2300","0"
"3058","三洋堂ＨＤ","東証","20230309","日証金","確報","0","100","0","0","0","3200","-3200","-100"
"3059","ヒラキ","東証","20230309","日証金","確報","300","0","1100","300","0","1100","0","0"
"3063","ジェイグループＨＤ","東証","20230309","日証金","確報","3300","200","11400","300","100","14100","-2700","2900"
"3064","ＭｏｎｏｔａＲＯ","東証","20230309","日証金","確報","10000","2500","107200","0","0","2800","104400","7500"
"3065","ライフフーズ","東証","20230309","日証金","確報","0","0","100","0","0","0","100","0"
"3066","ＪＢイレブン","名証","20230309","日証金","確報","0","0","1400","0","0","0","1400","0"
"3067","東京一番フーズ","東証","20230309","日証金","確報","1000","1000","8600","0","0","8600","0","0"
"3068","ＷＤＩ","東証","20230309","日証金","確報","0","100","2200","0","0","0","2200","-100"
"3069","ＪＦＬＡＨＤ","東証","20230309","日証金","確報","3000","0","17000","3000","0","17000","0","0"
"3070","アマガサ","東証","20230309","日証金","確報","0","200","0","0","0","0","0","-200"
"3071","ストリーム","東証","20230309","日証金","確報","7100","300","40600","0","0","0","40600","6800"
"3073","ＤＤホールディングス","東証","20230309","日証金","確報","800","100","7400","0","0","0","7400","700"
"3075","銚子丸","東証","20230309","日証金","確報","0","0","2100","0","0","0","2100","0"
"3076","あいホールディングス","東証","20230309","日証金","確報","100","0","2100","300","200","2100","0","0"
"3077","ホリイフードサービス","東証","20230309","日証金","確報","0","0","2900","0","0","0","2900","0"
"3079","ディーブイエックス","東証","20230309","日証金","確報","0","0","1100","0","0","23000","-21900","0"
"3080","ジェーソン","東証","20230309","日証金","確報","0","100","1400","0","0","0","1400","-100"
"3082","きちりＨＤ","東証","20230309","日証金","確報","0","200","3500","600","3900","144500","-141000","3100"
"3083","シ－ズメン","東証","20230309","日証金","確報","300","2100","31400","0","0","0","31400","-1800"
"3085","アークランドＳＨＤ","東証","20230309","日証金","確報","400","200","1400","200","0","1400","0","0"
"3086","Ｊ．フロントリテイリ","名証","20230309","日証金","確報","0","0","0","0","0","0","0","0"
"3086","Ｊ．フロントリテイリ","東証","20230309","日証金","確報","12000","22700","53600","3200","100","111000","-57400","-13800"
"3087","ドトール・日レスＨＤ","東証","20230309","日証金","確報","0","1400","10900","1700","100","64000","-53100","-3000"
"3088","マツキヨココカラ","東証","20230309","日証金","確報","2300","800","2800","8500","300","50700","-47900","-6700"
"3089","テクノアルファ","東証","20230309","日証金","確報","0","0","5400","0","0","0","5400","0"
"3091","ブロンコビリー","名証","20230309","日証金","確報","0","0","0","0","0","0","0","0"
"3091","ブロンコビリー","東証","20230309","日証金","確報","0","0","3300","0","0","0","3300","0"
"3092","ＺＯＺＯ","東証","20230309","日証金","確報","0","400","9400","0","0","1100","8300","-400"
"3093","トレジャーファクトリ","東証","20230309","日証金","確報","1100","61100","13800","139200","600","310400","-296600","-198600"
"3094","スーパーバリュー","東証","20230309","日証金","確報","100","0","6600","0","0","0","6600","100"
"3096","オーシャンシステム","東証","20230309","日証金","確報","0","0","1000","0","0","0","1000","0"
"3097","物語コーポレーション","東証","20230309","日証金","確報","1000","300","12800","1000","100","12800","0","-200"
"3099","三越伊勢丹ホールディ","東証","20230309","日証金","確報","64900","9700","214900","86200","7200","238700","-23800","-23800"
"3099","三越伊勢丹ホールディ","福証","20230309","日証金","確報","0","0","0","0","0","0","0","0"
"3101","東洋紡","東証","20230309","日証金","確報","500","4100","10300","15700","1100","105600","-95300","-18200"
"3103","ユニチカ","東証","20230309","日証金","確報","6400","13500","84800","0","0","15200","69600","-7100"
"3104","富士紡ＨＤ","東証","20230309","日証金","確報","0","1600","1200","100","0","1000","200","-1700"
"3105","日清紡ＨＤ","東証","20230309","日証金","確報","1400","200","21600","100","200","3500","18100","1300"
"3106","倉敷紡績","東証","20230309","日証金","確報","1200","200","4100","800","2600","7900","-3800","2800"
"3107","ダイワボウＨＤ","東証","20230309","日証金","確報","0","0","3700","0","0","1700","2000","0"
"3109","シキボウ","東証","20230309","日証金","確報","0","100","10300","300","0","3700","6600","-400"
"3110","日東紡績","東証","20230309","日証金","確報","0","500","7300","0","0","300","7000","-500"
"3111","オーミケンシ","東証","20230309","日証金","確報","1200","4300","14900","0","0","0","14900","-3100"
"3113","Ｏａｋキャピタル","東証","20230309","日証金","確報","0","600","16300","0","0","0","16300","-600"
"3116","トヨタ紡織","名証","20230309","日証金","確報","0","0","0","0","0","0","0","0"
"3116","トヨタ紡織","東証","20230309","日証金","確報","100","100","7900","5100","1600","52300","-44400","-3500"
"3121","マーチャントバンカズ","東証","20230309","日証金","確報","0","0","84800","0","0","0","84800","0"
"3123","サイボー","東証","20230309","日証金","確報","0","0","2100","0","0","0","2100","0"
"3131","シンデンハイテク","東証","20230309","日証金","確報","0","100","3200","0","0","0","3200","-100"
"3132","マクニカＨＤ","東証","20230309","日証金","確報","0","2000","19800","0","100","400","19400","-1900"
"3133","海帆","東証","20230309","日証金","確報","1500","0","37200","0","0","0","37200","1500"
"3134","Ｈａｍｅｅ","東証","20230309","日証金","確報","600","4000","19800","0","400","60500","-40700","-3000"
"3135","マーケットエンター","東証","20230309","日証金","確報","0","0","600","0","0","0","600","0"
"3136","エコノス","札証","20230309","日証金","確報","0","0","0","0","0","0","0","0"
"3137","ファンデリー","東証","20230309","日証金","確報","600","0","34100","0","0","80100","-46000","600"
"3138","富士山マガジン","東証","20230309","日証金","確報","100","0","500","0","0","0","500","100"
"3139","ラクト・ジャパン","東証","20230309","日証金","確報","200","0","4200","0","0","100","4100","200"
"3140","ＢＲＵＮＯ","東証","20230309","日証金","確報","0","0","6000","0","0","0","6000","0"
"3141","ウエルシアＨＤ","東証","20230309","日証金","確報","200","800","35200","0","0","200","35000","-600"
"3143","オーウイル","東証","20230309","日証金","確報","200","0","1300","0","0","0","1300","200"
"3148","クリエイトＳＤＨＤ","東証","20230309","日証金","確報","300","100","2600","300","0","1400","1200","-100"
"3150","グリムス","東証","20230309","日証金","確報","0","5600","11500","600","0","9400","2100","-6200"
"3151","バイタルＫＳＫＨＤ","東証","20230309","日証金","確報","1600","1000","15800","0","100","4300","11500","700"
"3153","八洲電機","東証","20230309","日証金","確報","0","100","400","0","0","0","400","-100"
"3154","メディアスＨＤ","東証","20230309","日証金","確報","100","0","1600","100","0","1600","0","0"
"3156","レスターＨＤ","東証","20230309","日証金","確報","1600","1500","3900","100","0","3900","0","0"
"3157","ジューテックＨＤ","東証","20230309","日証金","確報","0","0","1500","0","0","0","1500","0"
"3159","丸善ＣＨＩＨＤ","東証","20230309","日証金","確報","7800","300","15800","600","0","6300","9500","6900"
"3160","大光","東証","20230309","日証金","確報","4300","12700","43100","14800","48100","439400","-396300","24900"
"3161","アゼアス","東証","20230309","日証金","確報","0","300","7600","0","0","0","7600","-300"
"3166","ＯＣＨＩＨＤ","東証","20230309","日証金","確報","200","800","3100","900","0","31500","-28400","-1500"
"3166","ＯＣＨＩＨＤ","福証","20230309","日証金","確報","0","0","0","0","0","0","0","0"
"3167","ＴＯＫＡＩ　ＨＤ","東証","20230309","日証金","確報","200","5700","8800","300","1100","13500","-4700","-4700"
"3168","黒谷","東証","20230309","日証金","確報","400","5500","43400","0","100","56100","-12700","-5000"
"3169","ミサワ","東証","20230309","日証金","確報","0","0","3200","0","0","0","3200","0"
"3172","ティーライフ","東証","20230309","日証金","確報","0","300","3600","0","0","400","3200","-300"
"3173","Ｃｏｍｉｎｉｘ","東証","20230309","日証金","確報","100","0","2500","0","0","0","2500","100"
"3174","ハピネスアンドディ","東証","20230309","日証金","確報","0","0","200","0","0","0","200","0"
"3175","ＡＰＨＤ","東証","20230309","日証金","確報","0","0","1600","0","0","0","1600","0"
"3176","三洋貿易","東証","20230309","日証金","確報","0","200","1500","0","0","0","1500","-200"
"3177","ありがとうサービス","東証","20230309","日証金","確報","500","0","2400","0","0","0","2400","500"
"3178","チムニー","東証","20230309","日証金","確報","0","0","1900","700","700","9500","-7600","0"
"3179","シュッピン","東証","20230309","日証金","確報","1000","400","54800","100","1400","7100","47700","1900"
"3180","ビューティガレージ","東証","20230309","日証金","確報","1900","1700","2500","53400","0","89800","-87300","-53200"
"3181","買取王国","東証","20230309","日証金","確報","1100","2600","40200","0","0","0","40200","-1500"
"3182","オイラ大地","東証","20230309","日証金","確報","3200","800","58700","500","1500","115400","-56700","3400"
"3183","ウイン・パートナーズ","東証","20230309","日証金","確報","1100","900","1400","200","200","1200","200","200"
"3184","ＩＣＤＡ　ＨＤ","名証","20230309","日証金","確報","0","0","0","0","0","0","0","0"
"3184","ＩＣＤＡ　ＨＤ","東証","20230309","日証金","確報","0","0","0","0","0","0","0","0"
"3185","夢展望","東証","20230309","日証金","確報","0","400","1500","0","0","0","1500","-400"
"3186","ネクステージ","名証","20230309","日証金","確報","0","0","0","0","0","0","0","0"
"3186","ネクステージ","東証","20230309","日証金","確報","4000","5400","39600","63500","200","224900","-185300","-64700"
"3187","サンワカンパニー","東証","20230309","日証金","確報","13100","3700","176800","1200","700","179000","-2200","8900"
"3189","ＡＮＡＰ","東証","20230309","日証金","確報","3700","0","28500","0","0","61400","-32900","3700"
"3190","ホットマン","東証","20230309","日証金","確報","0","0","0","0","0","0","0","0"
"3191","ジョイフル本田","東証","20230309","日証金","確報","100","600","2000","0","2200","100","1900","1700"
"3192","白鳩","東証","20230309","日証金","確報","0","1100","800","0","0","0","800","-1100"
"3193","鳥貴族ＨＤ","東証","20230309","日証金","確報","1100","4600","15600","0","300","6500","9100","-3200"
"3195","ジェネレーションパス","東証","20230309","日証金","確報","11700","0","41800","0","0","40000","1800","11700"
"3196","ホットランド","東証","20230309","日証金","確報","1300","1400","6200","100","200","6200","0","0"
"3197","すかいらーくＨＤ","東証","20230309","日証金","確報","500","200","16900","37800","1900","203400","-186500","-35600"
"3198","ＳＦＰ","東証","20230309","日証金","確報","0","0","600","0","0","0","600","0"
"3199","綿半ホールディングス","東証","20230309","日証金","確報","100","0","400","100","0","400","0","0"
"3201","日本毛織","東証","20230309","日証金","確報","0","0","13000","200","100","1300","11700","-100"
"3202","ダイトウボウ","名証","20230309","日証金","確報","0","0","0","0","0","0","0","0"
"3202","ダイトウボウ","東証","20230309","日証金","確報","1000","0","32100","0","0","0","32100","1000"
"3204","トーア紡コーポ","東証","20230309","日証金","確報","400","0","16300","0","0","200","16100","400"
"3205","ダイドーリミテッド","名証","20230309","日証金","確報","0","0","0","0","0","0","0","0"
"3205","ダイドーリミテッド","東証","20230309","日証金","確報","1600","0","844100","1000","0","154500","689600","600"
"3221","ヨシックスＨＤ","名証","20230309","日証金","確報","0","0","0","0","0","0","0","0"
"3221","ヨシックスＨＤ","東証","20230309","日証金","確報","2400","2400","8000","0","0","8000","0","0"
"3222","Ｕ．Ｓ．Ｍ．Ｈ","東証","20230309","日証金","確報","400","100","1900","2600","300","43100","-41200","-2000"
"3223","エスエルディー","東証","20230309","日証金","確報","0","0","100","0","0","0","100","0"
"3224","ゼネラル・オイスター","東証","20230309","日証金","確報","0","600","1500","0","0","0","1500","-600"
"3226","日本アコモデーション","東証","20230309","日証金","確報","0","7","21","15","0","69","-48","-22"
"3228","三栄建築設計","東証","20230309","日証金","確報","7700","0","21600","400","400","25900","-4300","7700"
"3231","野村不動産ＨＤ","東証","20230309","日証金","確報","2900","3000","16700","200","300","16700","0","0"
"3232","三重交通グループＨＤ","名証","20230309","日証金","確報","0","0","0","0","0","0","0","0"
"3232","三重交通グループＨＤ","東証","20230309","日証金","確報","40000","3900","64700","5000","0","29800","34900","31100"
"3234","森ヒルズリート投法人","東証","20230309","日証金","確報","0","0","43","2","3","271","-228","1"
"3236","プロパスト","東証","20230309","日証金","確報","0","2000","73200","0","0","0","73200","-2000"
"3237","イントランス","東証","20230309","日証金","確報","2900","11000","39700","0","0","0","39700","-8100"
"3238","セントラル総合開発","東証","20230309","日証金","確報","500","400","9100","0","0","0","9100","100"
"3241","ウィル","東証","20230309","日証金","確報","4900","0","5100","0","0","0","5100","4900"
"3242","アーバネット","東証","20230309","日証金","確報","1000","0","7800","1000","1200","5600","2200","1200"
"3244","サムティ","東証","20230309","日証金","確報","600","800","12100","2100","0","5600","6500","-2300"
"3245","ディア・ライフ","東証","20230309","日証金","確報","1000","7600","19200","2200","0","5800","13400","-8800"
"3246","コーセーアールイー","東証","20230309","日証金","確報","600","0","10600","0","0","0","10600","600"
"3246","コーセーアールイー","福証","20230309","日証金","確報","0","0","0","0","0","0","0","0"
"3248","アールエイジ","東証","20230309","日証金","確報","100","0","7000","0","0","0","7000","100"
"3249","産業ファンド投資法人","東証","20230309","日証金","確報","1","4","431","0","0","5","426","-3"
"3252","地主","名証","20230309","日証金","確報","0","0","0","0","0","0","0","0"
"3252","地主","東証","20230309","日証金","確報","0","0","2000","0","0","100","1900","0"
"3254","プレサンスコーポ","東証","20230309","日証金","確報","30600","0","30900","8900","200","10700","20200","21900"
"3260","エスポア","名証","20230309","日証金","確報","0","0","3500","0","0","0","3500","0"
"3261","グランディーズ","東証","20230309","日証金","確報","0","0","800","0","0","0","800","0"
"3261","グランディーズ","福証","20230309","日証金","確報","0","0","0","0","0","0","0","0"
"3264","アスコット","東証","20230309","日証金","確報","1500","0","292600","0","0","0","292600","1500"
"3266","ファンドクリエＧ","東証","20230309","日証金","確報","4200","0","94000","0","0","0","94000","4200"
"3267","フィル・カンパニー","東証","20230309","日証金","確報","100","0","1200","0","0","0","1200","100"
"3269","アドバンスレジデンス","東証","20230309","日証金","確報","0","0","24","0","0","2","22","0"
"3271","ＴＨＥグローバル社","東証","20230309","日証金","確報","3100","200","307800","0","0","70200","237600","2900"
"3275","ハウスコム","東証","20230309","日証金","確報","0","0","600","0","0","0","600","0"
"3276","ＪＰＭＣ","東証","20230309","日証金","確報","100","100","1800","0","0","3400","-1600","0"
"3277","サンセイランディック","東証","20230309","日証金","確報","0","0","1000","0","0","200","800","0"
"3278","Ｒ－ＫＤＲ","東証","20230309","日証金","確報","6","7","51","0","1","51","0","0"
"3279","アクティビア・プロパ","東証","20230309","日証金","確報","3","0","18","0","0","1","17","3"
"3280","エストラスト","東証","20230309","日証金","確報","0","0","1000","0","0","0","1000","0"
"3280","エストラスト","福証","20230309","日証金","確報","0","0","0","0","0","0","0","0"
"3281","ＧＬＰ投法人投資証券","東証","20230309","日証金","確報","178","0","316","11","30","269","47","197"
"3282","コンフォリアレジデン","東証","20230309","日証金","確報","0","11","20","17","0","360","-340","-28"
"3283","日本プロロジスリート","東証","20230309","日証金","確報","11","0","51","12","1","51","0","0"
"3284","フージャースＨＤ","東証","20230309","日証金","確報","0","1700","19100","0","300","200","18900","-1400"
"3286","トラストホールディン","東証","20230309","日証金","確報","6700","0","6800","0","0","0","6800","6700"
"3286","トラストホールディン","福証","20230309","日証金","確報","0","0","0","0","0","0","0","0"
"3287","星野リゾート・リート","東証","20230309","日証金","確報","9","19","35","0","7","35","0","-3"
"3288","オープンハウスＧ","東証","20230309","日証金","確報","4200","4300","24600","1000","1100","24600","0","0"
"3289","東急不動産ＨＤ","東証","20230309","日証金","確報","5600","19200","110400","0","0","0","110400","-13600"
"3290","Ｒ－Ｏｎｅリート","東証","20230309","日証金","確報","7","6","231","1","0","231","0","0"
"3291","飯田グループＨＤ","東証","20230309","日証金","確報","300","1000","24500","2500","1500","52800","-28300","-1700"
"3292","イオンリート投資法人","東証","20230309","日証金","確報","0","3","36","0","0","0","36","-3"
"3293","アズマハウス","東証","20230309","日証金","確報","0","0","0","0","0","0","0","0"
"3294","イーグランド","東証","20230309","日証金","確報","0","3400","2700","400","0","2600","100","-3800"
"3295","ヒューリックリート","東証","20230309","日証金","確報","96","0","155","7","0","151","4","89"
"3296","日本リート投資法人","東証","20230309","日証金","確報","0","1","100","0","0","0","100","-1"
"3297","東武住販","東証","20230309","日証金","確報","0","0","1600","0","0","0","1600","0"
"3297","東武住販","福証","20230309","日証金","確報","0","0","0","0","0","0","0","0"
"3299","ムゲンエステート","東証","20230309","日証金","確報","3200","1300","24700","2100","200","24700","0","0"
"3300","アンビションＤＸ","東証","20230309","日証金","確報","500","300","10900","0","0","0","10900","200"
"3302","帝国繊維","東証","20230309","日証金","確報","0","400","2100","100","0","600","1500","-500"
"3306","日本製麻","東証","20230309","日証金","確報","700","0","10800","0","0","0","10800","700"
"3309","積水ハウスリート","東証","20230309","日証金","確報","0","1","723","5","0","118","605","-6"
"3315","日本コークス工業","東証","20230309","日証金","確報","2200","257400","341000","0","0","0","341000","-255200"
"3316","東京日産コンピュータ","東証","20230309","日証金","確報","0","0","500","0","0","0","500","0"
"3317","フライングガーデン","東証","20230309","日証金","確報","0","0","800","0","0","0","800","0"
"3319","ゴルフダイジェスト","東証","20230309","日証金","確報","400","300","25200","0","0","0","25200","100"
"3320","クロスプラス","名証","20230309","日証金","確報","0","0","0","0","0","0","0","0"
"3320","クロスプラス","東証","20230309","日証金","確報","200","0","1000","0","800","26300","-25300","1000"
"3321","ミタチ産業","名証","20230309","日証金","確報","0","0","0","0","0","0","0","0"
"3321","ミタチ産業","東証","20230309","日証金","確報","1000","600","16900","200","0","600","16300","200"
"3322","アルファグループ","東証","20230309","日証金","確報","0","0","500","0","0","0","500","0"
"3323","レカム","東証","20230309","日証金","確報","3600","300","400200","0","0","0","400200","3300"
"3326","ランシステム","東証","20230309","日証金","確報","0","0","0","0","0","0","0","0"
"3328","ＢＥＥＮＯＳ","東証","20230309","日証金","確報","8000","0","76100","0","400","0","76100","8400"
"3329","東和フードサービス","東証","20230309","日証金","確報","200","0","2700","0","0","0","2700","200"
"3333","あさひ","東証","20230309","日証金","確報","1200","600","4600","0","100","3900","700","700"
"3341","日本調剤","東証","20230309","日証金","確報","0","600","3200","0","0","0","3200","-600"
"3347","トラスト","東証","20230309","日証金","確報","100","1400","65800","0","1000","12300","53500","-300"
"3349","コスモス薬品","東証","20230309","日証金","確報","0","4000","15300","0","0","9700","5600","-4000"
"3352","バッファロー","東証","20230309","日証金","確報","0","0","0","0","0","0","0","0"
"3353","メディ一光Ｇ","東証","20230309","日証金","確報","0","0","200","0","0","0","200","0"
"3355","クリヤマＨＤ","東証","20230309","日証金","確報","1000","0","23500","0","0","0","23500","1000"
"3358","ワイエスフード","東証","20230309","日証金","確報","0","100","506000","0","0","0","506000","-100"
"3359","ｃｏｔｔａ","東証","20230309","日証金","確報","100","2600","53900","0","400","6900","47000","-2100"
"3359","ｃｏｔｔａ","福証","20230309","日証金","確報","0","0","0","0","0","0","0","0"
"3360","シップヘルスケアＨＤ","東証","20230309","日証金","確報","400","500","2300","1400","2100","2100","200","600"
"3361","トーエル","東証","20230309","日証金","確報","0","500","3700","0","0","0","3700","-500"
"3370","フジタコーポ","東証","20230309","日証金","確報","2000","0","27500","0","0","0","27500","2000"
"3371","ソフトクリエイトＨＤ","東証","20230309","日証金","確報","1600","1600","3200","500","100","3600","-400","-400"
"3372","関門海","東証","20230309","日証金","確報","0","0","8200","0","0","0","8200","0"
"3374","内外テック","東証","20230309","日証金","確報","0","0","5500","0","0","0","5500","0"
"3375","ＺＯＡ","東証","20230309","日証金","確報","0","100","100","0","0","0","100","-100"
"3377","バイク王＆カンパニー","東証","20230309","日証金","確報","900","4600","54700","0","200","230100","-175400","-3500"
"3382","セブン＆アイＨＤ","東証","20230309","日証金","確報","2400","900","5300","55600","40200","191600","-186300","-13900"
"3384","アークコア","名証","20230309","日証金","確報","0","100","5700","0","0","0","5700","-100"
"3386","コスモ・バイオ","東証","20230309","日証金","確報","500","0","1800","0","200","0","1800","700"
"3387","クリエイトレストラン","東証","20230309","日証金","確報","0","100","8400","5000","4100","461700","-453300","-1000"
"3388","明治電機工業","東証","20230309","日証金","確報","0","400","5000","0","0","0","5000","-400"
"3391","ツルハＨＤ","東証","20230309","日証金","確報","1000","2700","12100","200","0","200","11900","-1900"
"3392","デリカフーズＨＤ","東証","20230309","日証金","確報","0","0","3900","0","0","0","3900","0"
"3393","スターティアＨＤ","東証","20230309","日証金","確報","5300","37300","65000","900","13400","65000","0","-19500"
"3395","サンマルクＨＤ","東証","20230309","日証金","確報","100","900","200","500","1300","24800","-24600","0"
"3396","フェリシモ","東証","20230309","日証金","確報","0","0","600","0","0","0","600","0"
"3397","トリドールＨＤ","東証","20230309","日証金","確報","400","20600","64400","300","0","137900","-73500","-20500"
"3399","丸千代山岡家","東証","20230309","日証金","確報","0","0","1100","0","0","0","1100","0"
"3401","帝人","東証","20230309","日証金","確報","100","1800","15200","3800","2900","130000","-114800","-2600"
"3402","東レ","東証","20230309","日証金","確報","11700","8300","101900","3800","18600","36400","65500","18200"
"3405","クラレ","東証","20230309","日証金","確報","4700","4500","53600","10000","2400","53600","0","-7400"
"3407","旭化成","東証","20230309","日証金","確報","2300","37300","7300","213400","0","218000","-210700","-248400"
"3409","北日本紡績","東証","20230309","日証金","確報","0","0","65600","0","0","0","65600","0"
"3415","ＴＯＫＹＯ　ＢＡＳＥ","東証","20230309","日証金","確報","400","20600","10400","78200","42500","147900","-137500","-55900"
"3416","ピクスタ","東証","20230309","日証金","確報","0","400","11100","0","0","0","11100","-400"
"3417","大木ヘルスケア","東証","20230309","日証金","確報","0","0","1300","0","0","0","1300","0"
"3418","バルニバービ","東証","20230309","日証金","確報","0","0","1300","0","0","0","1300","0"
"3420","ケー・エフ・シー","東証","20230309","日証金","確報","0","0","2300","0","0","0","2300","0"
"3421","稲葉製作所","東証","20230309","日証金","確報","0","0","3600","0","0","0","3600","0"
"3422","Ｊ－ＭＡＸ","名証","20230309","日証金","確報","0","0","0","0","0","0","0","0"
"3422","Ｊ－ＭＡＸ","東証","20230309","日証金","確報","5200","4800","12200","1100","100","12200","0","-600"
"3423","エスイー","東証","20230309","日証金","確報","0","0","6100","100","0","3300","2800","-100"
"3426","アトムリビンテック","東証","20230309","日証金","確報","0","0","0","0","0","0","0","0"
"3431","宮地エンジニアリング","東証","20230309","日証金","確報","0","500","2400","400","0","1100","1300","-900"
"3433","トーカロ","東証","20230309","日証金","確報","1000","200","32400","0","0","700","31700","800"
"3434","アルファＣｏ","東証","20230309","日証金","確報","400","0","6700","0","0","0","6700","400"
"3435","サンコーテクノ","東証","20230309","日証金","確報","0","0","1400","0","0","0","1400","0"
"3436","ＳＵＭＣＯ","東証","20230309","日証金","確報","100","23100","208400","14100","0","15600","192800","-37100"
"3437","特殊電極","東証","20230309","日証金","確報","0","0","0","0","0","0","0","0"
"3439","三ツ知","名証","20230309","日証金","確報","0","0","0","0","0","0","0","0"
"3439","三ツ知","東証","20230309","日証金","確報","0","0","300","0","0","0","300","0"
"3440","日創プロニティ","東証","20230309","日証金","確報","300","0","9000","0","0","0","9000","300"
"3440","日創プロニティ","福証","20230309","日証金","確報","0","0","0","0","0","0","0","0"
"3441","山王","東証","20230309","日証金","確報","200","0","34000","0","0","0","34000","200"
"3442","ＭＩＥコーポ","名証","20230309","日証金","確報","0","0","300","0","0","0","300","0"
"3443","川田テクノロジーズ","東証","20230309","日証金","確報","100","0","4100","0","0","2400","1700","100"
"3444","菊池製作所","東証","20230309","日証金","確報","0","0","9200","0","0","0","9200","0"
"3445","ＲＳＴＥＣＨ","東証","20230309","日証金","確報","300","400","14300","0","0","1300","13000","-100"
"3446","ＪＴＥＣＣＯＲＰ","東証","20230309","日証金","確報","1100","5700","120300","700","800","40900","79400","-4500"
"3447","信和","名証","20230309","日証金","確報","0","0","0","0","0","0","0","0"
"3447","信和","東証","20230309","日証金","確報","0","100","7800","0","0","0","7800","-100"
"3449","テクノフレックス","東証","20230309","日証金","確報","700","500","18100","0","0","0","18100","200"
"3451","Ｒ－トーセイ・リート","東証","20230309","日証金","確報","0","1","76","0","0","0","76","-1"
"3452","ビーロット","東証","20230309","日証金","確報","0","2500","47500","0","0","0","47500","-2500"
"3453","ＫＤＸ商業リート","東証","20230309","日証金","確報","0","0","140","0","0","38","102","0"
"3454","ファーストブラザーズ","東証","20230309","日証金","確報","300","2600","10200","200","2500","10200","0","0"
"3455","ＨＣＭ","東証","20230309","日証金","確報","12","7","39","0","0","34","5","5"
"3457","Ａｎｄ　Ｄｏ　ＨＬＤ","東証","20230309","日証金","確報","500","100","148700","0","0","100","148600","400"
"3458","シーアールイー","東証","20230309","日証金","確報","0","0","7800","0","0","0","7800","0"
"3459","サムティレジ","東証","20230309","日証金","確報","0","386","55","0","0","0","55","-386"
"3461","パルマ","東証","20230309","日証金","確報","700","0","2900","0","0","0","2900","700"
"3462","野村不動産マスターＦ","東証","20230309","日証金","確報","0","0","301","0","1","16","285","1"
"3463","いちごホテルリート","東証","20230309","日証金","確報","5","8","97","0","0","0","97","-3"
"3464","プロパティＡ","東証","20230309","日証金","確報","1100","0","19900","0","0","0","19900","1100"
"3465","ケイアイスター不動産","東証","20230309","日証金","確報","200","300","4900","600","1400","21400","-16500","700"
"3466","ラサールロジ投資法人","東証","20230309","日証金","確報","2","5","35","5","0","190","-155","-8"
"3467","アグレ都市デザイン","東証","20230309","日証金","確報","0","0","4400","0","0","0","4400","0"
"3468","スターアジア投資法人","東証","20230309","日証金","確報","0","16","75","0","0","4","71","-16"
"3469","デュアルタップ","東証","20230309","日証金","確報","100","0","3100","0","0","0","3100","100"
"3470","マリモ地方創生リート","東証","20230309","日証金","確報","0","5","131","0","0","0","131","-5"
"3471","三井不ロジパーク","東証","20230309","日証金","確報","0","3","152","0","0","3","149","-3"
"3472","大江戸温泉リート","東証","20230309","日証金","確報","1","0","3540","0","0","0","3540","1"
"3474","Ｇ－ＦＡＣＴＯＲＹ","東証","20230309","日証金","確報","100","0","3000","0","0","0","3000","100"
"3475","グッドコムアセット","東証","20230309","日証金","確報","600","300","22900","400","0","800","22100","-100"
"3476","投資法人みらい","東証","20230309","日証金","確報","2","0","1745","0","0","13","1732","2"
"3477","フォーライフ","東証","20230309","日証金","確報","0","0","2200","0","0","0","2200","0"
"3479","ティーケーピー","東証","20230309","日証金","確報","2300","0","4000","13600","2100","86700","-82700","-9200"
"3480","ジェイ・エス・ビー","東証","20230309","日証金","確報","0","700","1800","400","1100","1800","0","0"
"3481","Ｒ－三菱地所物流","東証","20230309","日証金","確報","1","0","41","0","0","2","39","1"
"3482","ロードスター","東証","20230309","日証金","確報","700","100","69800","500","100","1800","68000","200"
"3484","テンポイノベーション","東証","20230309","日証金","確報","0","2700","7300","200","2900","7300","0","0"
"3486","グローバルリンクＭ","東証","20230309","日証金","確報","600","0","17000","0","0","1700","15300","600"
"3487","Ｒ－ＣＲＥロジ","東証","20230309","日証金","確報","0","11","88","4","0","4","84","-15"
"3488","Ｒ－ザイマックス","東証","20230309","日証金","確報","20","0","131","0","0","0","131","20"
"3489","フェイスネットワーク","東証","20230309","日証金","確報","1200","1700","8600","0","0","200","8400","-500"
"3490","アズ企画設計","東証","20230309","日証金","確報","0","0","0","0","0","0","0","0"
"3491","ＧＡ　ＴＥＣＨ","東証","20230309","日証金","確報","0","3500","57300","0","0","0","57300","-3500"
"3492","Ｒ－タカラリート","東証","20230309","日証金","確報","114","128","4266","0","0","0","4266","-14"
"3493","Ｒ－ＡＤＬ","東証","20230309","日証金","確報","0","0","112","0","0","0","112","0"
"3494","マリオン","東証","20230309","日証金","確報","0","0","100","0","0","0","100","0"
"3495","香陵住販","東証","20230309","日証金","確報","0","0","0","0","0","0","0","0"
"3496","アズーム","東証","20230309","日証金","確報","0","600","7800","0","0","0","7800","-600"
"3497","ＬｅＴｅｃｈ","東証","20230309","日証金","確報","0","0","3400","0","0","0","3400","0"
"3498","霞ヶ関キャピタル","東証","20230309","日証金","確報","3200","0","30400","0","0","0","30400","3200"
"3501","住江織物","東証","20230309","日証金","確報","0","0","1600","0","0","1100","500","0"
"3504","丸八ホールディングス","名証","20230309","日証金","確報","0","1000","53600","0","0","0","53600","-1000"
"3512","日本フエルト","東証","20230309","日証金","確報","0","300","2200","0","0","0","2200","-300"
"3513","イチカワ","東証","20230309","日証金","確報","0","500","0","0","0","0","0","-500"
"3521","エコナックＨＤ","東証","20230309","日証金","確報","0","0","154900","1200","0","41100","113800","-1200"
"3524","日東製網","名証","20230309","日証金","確報","0","0","0","0","0","0","0","0"
"3524","日東製網","東証","20230309","日証金","確報","0","1000","2200","0","0","0","2200","-1000"
"3526","芦森工業","東証","20230309","日証金","確報","200","0","14000","0","0","6400","7600","200"
"3529","アツギ","東証","20230309","日証金","確報","10300","10200","26500","100","0","26500","0","0"
"3536","アクサスＨＤ","東証","20230309","日証金","確報","0","0","31300","0","0","0","31300","0"
"3537","昭栄薬品","東証","20230309","日証金","確報","0","0","1700","0","0","0","1700","0"
"3538","ウイルプラスＨＤ","東証","20230309","日証金","確報","300","0","44200","0","0","1300","42900","300"
"3539","ＪＭホールディングス","東証","20230309","日証金","確報","100","100","3000","100","100","3000","0","0"
"3540","歯愛メディカル","東証","20230309","日証金","確報","500","0","3900","0","0","0","3900","500"
"3541","農業総合研究所","東証","20230309","日証金","確報","1200","4200","42900","0","2000","22200","20700","-1000"
"3542","ベガコーポレーション","東証","20230309","日証金","確報","100","700","23200","0","200","147300","-124100","-400"
"3543","コメダＨＤ","名証","20230309","日証金","確報","0","0","0","0","0","0","0","0"
"3543","コメダＨＤ","東証","20230309","日証金","確報","0","2300","6200","100","1500","1700","4500","-900"
"3544","サツドラＨＤ","札証","20230309","日証金","確報","0","0","0","0","0","0","0","0"
"3544","サツドラＨＤ","東証","20230309","日証金","確報","0","500","6600","0","100","300","6300","-400"
"3546","アレンザＨＤ","東証","20230309","日証金","確報","100","100","6100","0","4600","22600","-16500","4600"
"3547","串カツ田中","東証","20230309","日証金","確報","1800","9800","15800","400","5000","49700","-33900","-3400"
"3548","バロック","東証","20230309","日証金","確報","1200","300","5700","300","0","1800","3900","600"
"3549","クスリのアオキＨＤ","東証","20230309","日証金","確報","300","500","14900","600","300","18200","-3300","-500"
"3550","スタジオアタオ","東証","20230309","日証金","確報","0","0","2600","0","0","0","2600","0"
"3551","ダイニック","東証","20230309","日証金","確報","0","7800","200","0","0","0","200","-7800"
"3553","共和レザー","東証","20230309","日証金","確報","500","0","1700","100","0","900","800","400"
"3556","リネットジャパングル","東証","20230309","日証金","確報","2000","5500","30200","0","0","0","30200","-3500"
"3557","Ｕ＆Ｃ","東証","20230309","日証金","確報","0","0","600","0","0","0","600","0"
"3558","ロコンド","東証","20230309","日証金","確報","0","5200","8300","0","0","0","8300","-5200"
"3559","ピーバンドットコム","東証","20230309","日証金","確報","2900","3100","5600","0","0","5600","0","-200"
"3560","ほぼ日","東証","20230309","日証金","確報","100","0","1300","0","0","0","1300","100"
"3561","力の源ＨＤ","東証","20230309","日証金","確報","4500","0","350700","300","25100","292200","58500","29300"
"3562","Ｎｏ．１","東証","20230309","日証金","確報","0","0","7600","0","0","0","7600","0"
"3563","Ｆ＆ＬＣ","東証","20230309","日証金","確報","3100","2200","26000","33600","24200","600900","-574900","-8500"
"3565","アセンテック","東証","20230309","日証金","確報","1100","0","14800","500","0","2500","12300","600"
"3566","ユニフォームネクスト","東証","20230309","日証金","確報","0","0","8000","0","0","0","8000","0"
"3569","セーレン","東証","20230309","日証金","確報","700","100","3700","0","0","300","3400","600"
"3571","ソトー","名証","20230309","日証金","確報","0","0","0","0","0","0","0","0"
"3571","ソトー","東証","20230309","日証金","確報","0","2400","7200","0","400","6800","400","-2000"
"3577","東海染工","名証","20230309","日証金","確報","0","0","0","0","0","0","0","0"
"3577","東海染工","東証","20230309","日証金","確報","0","0","500","0","0","0","500","0"
"3580","小松マテーレ","東証","20230309","日証金","確報","700","0","10200","0","0","500","9700","700"
"3583","オーベクス","東証","20230309","日証金","確報","0","0","0","0","0","0","0","0"
"3591","ワコールＨＤ","東証","20230309","日証金","確報","800","0","1000","0","2800","8700","-7700","3600"
"3593","ホギメディカル","東証","20230309","日証金","確報","100","200","1400","0","100","400","1000","0"
"3597","自重堂","東証","20230309","日証金","確報","0","0","300","0","0","0","300","0"
"3598","山喜","東証","20230309","日証金","確報","200","0","11000","0","0","0","11000","200"
"3600","フジックス","東証","20230309","日証金","確報","0","0","500","0","0","0","500","0"
"3604","川本産業","東証","20230309","日証金","確報","500","0","3900","0","0","0","3900","500"
"3607","クラウディアＨＤ","東証","20230309","日証金","確報","0","0","24500","0","0","0","24500","0"
"3608","ＴＳＩＨＤ","東証","20230309","日証金","確報","300","19200","7300","4900","4500","47700","-40400","-19300"
"3611","マツオカ","東証","20230309","日証金","確報","0","0","2400","0","0","1900","500","0"
"3612","ワールド","東証","20230309","日証金","確報","0","400","2300","0","0","700","1600","-400"
"3622","ネットイヤーグループ","東証","20230309","日証金","確報","0","400","5500","0","0","0","5500","-400"
"3623","ビリングシステム","東証","20230309","日証金","確報","5400","1800","34700","0","0","0","34700","3600"
"3624","アクセルマーク","東証","20230309","日証金","確報","1000","0","23700","0","0","0","23700","1000"
"3625","テックファームＨＤ","東証","20230309","日証金","確報","0","5400","13100","0","0","0","13100","-5400"
"3626","ＴＩＳ","東証","20230309","日証金","確報","0","500","7500","0","0","1500","6000","-500"
"3627","ＪＮＳ","東証","20230309","日証金","確報","0","300","12100","0","0","0","12100","-300"
"3628","データホライゾン","東証","20230309","日証金","確報","0","100","4000","0","0","0","4000","-100"
"3632","グリー","東証","20230309","日証金","確報","17500","3700","154000","0","500","103400","50600","14300"
"3633","ＧＭＯペパボ","東証","20230309","日証金","確報","300","100","7400","0","0","0","7400","200"
"3634","ソケッツ","東証","20230309","日証金","確報","0","0","2200","0","0","0","2200","0"
"3635","コーエーテクモＨＤ","東証","20230309","日証金","確報","0","300","9600","0","1200","4900","4700","900"
"3636","三菱総合研究所","東証","20230309","日証金","確報","500","0","2000","300","0","6800","-4800","200"
"3639","ボルテージ","東証","20230309","日証金","確報","0","5300","1600","0","100","0","1600","-5200"
"3640","電算","東証","20230309","日証金","確報","100","700","15600","200","0","300","15300","-800"
"3641","パピレス","東証","20230309","日証金","確報","0","0","1300","0","0","0","1300","0"
"3645","メディカルネット","東証","20230309","日証金","確報","0","400","24000","0","0","100","23900","-400"
"3646","駅探","東証","20230309","日証金","確報","0","0","500","0","0","0","500","0"
"3647","ジースリーＨＤ","東証","20230309","日証金","確報","0","0","47000","0","0","0","47000","0"
"3648","ＡＧＳ","東証","20230309","日証金","確報","200","300","1700","0","0","8400","-6700","-100"
"3649","ファインデックス","東証","20230309","日証金","確報","0","2500","36400","0","1200","3000","33400","-1300"
"3652","ディジタルメデプロ","東証","20230309","日証金","確報","600","0","14900","0","0","0","14900","600"
"3653","モルフォ","東証","20230309","日証金","確報","300","100","11500","200","0","28200","-16700","0"
"3655","ブレインパッド","東証","20230309","日証金","確報","0","4200","34600","0","0","0","34600","-4200"
"3656","ＫＬａｂ","東証","20230309","日証金","確報","4800","600","228800","0","0","35600","193200","4200"
"3657","ポールＨＤ","東証","20230309","日証金","確報","1600","500","4300","9300","300","12100","-7800","-7900"
"3659","ネクソン","東証","20230309","日証金","確報","0","200","2400","5100","1900","36100","-33700","-3400"
"3660","アイスタイル","東証","20230309","日証金","確報","25900","25900","1094100","0","0","1094100","0","0"
"3661","エムアップＨＤ","東証","20230309","日証金","確報","0","2700","27300","0","0","2800","24500","-2700"
"3662","エイチーム","東証","20230309","日証金","確報","7700","500","48000","6000","0","55900","-7900","1200"
"3663","セルシス","東証","20230309","日証金","確報","0","800","220700","0","0","0","220700","-800"
"3664","モブキャストＨＤ","東証","20230309","日証金","確報","10000","26500","1278000","0","26300","888900","389100","9800"
"3665","エニグモ","東証","20230309","日証金","確報","3700","500","22100","0","100","17400","4700","3300"
"3666","テクノスジャパン","東証","20230309","日証金","確報","4200","0","13000","0","0","0","13000","4200"
"3667","ｅｎｉｓｈ","東証","20230309","日証金","確報","50000","50000","358400","0","0","358400","0","0"
"3668","コロプラ","東証","20230309","日証金","確報","0","9800","24700","0","500","15800","8900","-9300"
"3670","協立情報通信","東証","20230309","日証金","確報","0","0","0","0","0","0","0","0"
"3671","ソフトマックス","東証","20230309","日証金","確報","0","300","13100","0","0","0","13100","-300"
"3672","オルトプラス","東証","20230309","日証金","確報","0","17400","63400","0","0","0","63400","-17400"
"3673","ブロードリーフ","東証","20230309","日証金","確報","300","0","9500","300","0","9500","0","0"
"3674","オークファン","東証","20230309","日証金","確報","12000","12400","88800","0","0","157900","-69100","-400"
"3675","クロス・マーケティン","東証","20230309","日証金","確報","8500","8400","350100","100","0","350100","0","0"
"3676","デジハＨＤ","東証","20230309","日証金","確報","300","500","13700","0","0","0","13700","-200"
"3677","システム情報","東証","20230309","日証金","確報","0","400","3600","0","0","1100","2500","-400"
"3678","メディアドゥ","東証","20230309","日証金","確報","100","200","7200","0","0","0","7200","-100"
"3679","じげん","東証","20230309","日証金","確報","2600","6900","41500","500","1100","28000","13500","-3700"
"3680","ホットリンク","東証","20230309","日証金","確報","0","0","24700","100","0","100","24600","-100"
"3681","ブイキューブ","東証","20230309","日証金","確報","67500","67500","1000000","0","0","1000000","0","0"
"3682","エンカレッジ・テクノ","東証","20230309","日証金","確報","0","0","3400","0","0","2100","1300","0"
"3683","サイバーリンクス","東証","20230309","日証金","確報","1000","0","17300","0","0","0","17300","1000"
"3686","ディー・エル・イー","東証","20230309","日証金","確報","35700","5800","521000","0","500","462900","58100","30400"
"3687","フィックスターズ","東証","20230309","日証金","確報","1600","100","17400","0","0","0","17400","1500"
"3688","ＣＡＲＴＡ　ＨＤ","東証","20230309","日証金","確報","0","200","2200","200","0","1500","700","-400"
"3690","イルグルム","東証","20230309","日証金","確報","0","100","8400","0","0","0","8400","-100"
"3691","デジタルプラス","東証","20230309","日証金","確報","11400","4300","22000","0","0","0","22000","7100"
"3692","ＦＦＲＩセキュ","東証","20230309","日証金","確報","5500","2900","26300","500","0","24500","1800","2100"
"3694","オプティム","東証","20230309","日証金","確報","1200","100","25500","500","1100","7300","18200","1700"
"3695","ＧＭＯリサーチ","東証","20230309","日証金","確報","0","0","2300","0","0","0","2300","0"
"3696","セレス","東証","20230309","日証金","確報","100","600","16300","200","1100","3600","12700","400"
"3697","ＳＨＩＦＴ","東証","20230309","日証金","確報","8000","500","62300","0","1000","77700","-15400","8500"
"3698","ＣＲＩ・ミドルウェア","東証","20230309","日証金","確報","400","1100","34900","0","200","34000","900","-500"
"3708","特種東海製紙","東証","20230309","日証金","確報","100","0","2200","0","0","0","2200","100"
"3710","ジョルダン","東証","20230309","日証金","確報","0","0","21200","0","0","600","20600","0"
"3712","情報企画","東証","20230309","日証金","確報","0","0","300","0","0","100","200","0"
"3719","ジェクシード","東証","20230309","日証金","確報","0","1100","40600","0","0","0","40600","-1100"
"3723","日本ファルコム","東証","20230309","日証金","確報","0","0","0","0","0","0","0","0"
"3726","フォーシーズＨＤ","東証","20230309","日証金","確報","0","0","800","0","0","0","800","0"
"3727","アプリックス","東証","20230309","日証金","確報","500","0","21600","0","0","0","21600","500"
"3733","ソフトウェアサビス","東証","20230309","日証金","確報","300","500","2300","0","0","900","1400","-200"
"3738","ティーガイア","東証","20230309","日証金","確報","400","100","4900","0","0","1200","3700","300"
"3739","コムシード","名証","20230309","日証金","確報","400","11200","256800","0","0","0","256800","-10800"
"3741","セック","東証","20230309","日証金","確報","700","2100","8000","100","100","7600","400","-1400"
"3744","サイオス","東証","20230309","日証金","確報","400","0","28100","600","0","39300","-11200","-200"
"3747","インタートレード","東証","20230309","日証金","確報","3000","0","15000","0","0","0","15000","3000"
"3750","サイトリ細胞研究所","東証","20230309","日証金","確報","0","5800","5900","0","0","0","5900","-5800"
"3753","フライトＨＤ","東証","20230309","日証金","確報","0","0","5800","0","0","0","5800","0"
"3758","アエリア","東証","20230309","日証金","確報","1500","0","16600","0","0","0","16600","1500"
"3760","ケイブ","東証","20230309","日証金","確報","200","400","9200","0","0","0","9200","-200"
"3762","テクマトリックス","東証","20230309","日証金","確報","700","1900","25100","0","0","400","24700","-1200"
"3763","プロシップ","東証","20230309","日証金","確報","0","0","1400","0","0","0","1400","0"
"3765","ガンホー・オンライン","東証","20230309","日証金","確報","22400","8100","48500","3200","800","48500","0","11900"
"3766","システムズ・デザイン","東証","20230309","日証金","確報","0","500","2200","0","0","0","2200","-500"
"3768","リスクモンスター","東証","20230309","日証金","確報","200","0","4300","0","0","100","4200","200"
"3769","ＧＭＯペイメント","東証","20230309","日証金","確報","5600","100","35300","200","200","3400","31900","5500"
"3770","ザッパラス","東証","20230309","日証金","確報","0","0","100","0","0","0","100","0"
"3771","システムリサーチ","東証","20230309","日証金","確報","0","0","29900","100","0","300","29600","-100"
"3772","ウェルスマネジメント","東証","20230309","日証金","確報","100","200","8900","0","0","0","8900","-100"
"3773","アドバンストメディア","東証","20230309","日証金","確報","3100","0","25700","0","0","0","25700","3100"
"3774","インターネットイニシ","東証","20230309","日証金","確報","0","1300","5300","1000","0","2800","2500","-2300"
"3775","ガイアックス","名証","20230309","日証金","確報","0","0","15700","0","0","0","15700","0"
"3776","ブロードバンドタワー","東証","20230309","日証金","確報","3200","100","385800","0","0","0","385800","3100"
"3777","ＦＨＴＨＤ","東証","20230309","日証金","確報","18400","10300","668800","0","0","0","668800","8100"
"3778","さくらインターネット","東証","20230309","日証金","確報","1300","18400","48800","3700","20800","48800","0","0"
"3779","Ｊ・エスコムＨＤ","東証","20230309","日証金","確報","1500","0","65900","0","0","0","65900","1500"
"3782","ディー・ディー・エス","東証","20230309","日証金","確報","7500","100","884900","0","0","0","884900","7400"
"3784","ヴィンクス","東証","20230309","日証金","確報","0","200","700","0","0","0","700","-200"
"3787","テクノマセマティカル","東証","20230309","日証金","確報","200","0","1700","0","0","0","1700","200"
"3788","ＧＭＯＧＳＨＤ","東証","20230309","日証金","確報","1100","100","18300","100","400","3400","14900","1300"
"3791","ＩＧポート","東証","20230309","日証金","確報","1000","100","6200","400","800","8800","-2600","1300"
"3793","ドリコム","東証","20230309","日証金","確報","3300","28400","528600","0","0","150100","378500","-25100"
"3796","いい生活","東証","20230309","日証金","確報","1100","700","10200","0","0","2900","7300","400"
"3798","ＵＬＳグループ","東証","20230309","日証金","確報","100","0","19200","0","0","0","19200","100"
"3799","キーウェアソリュショ","東証","20230309","日証金","確報","0","0","7000","0","0","300","6700","0"
"3800","ユニリタ","東証","20230309","日証金","確報","0","0","100","0","0","0","100","0"
"3802","エコミック","札証","20230309","日証金","確報","0","0","0","0","0","0","0","0"
"3802","エコミック","東証","20230309","日証金","確報","0","300","700","0","0","0","700","-300"
"3803","イメージ情報開発","東証","20230309","日証金","確報","0","100","200","0","0","0","200","-100"
"3804","システム　ディ","東証","20230309","日証金","確報","0","0","900","0","0","0","900","0"
"3807","フィスコ","東証","20230309","日証金","確報","19300","19300","320300","0","0","320300","0","0"
"3808","オウケイウェイヴ","名証","20230309","日証金","確報","2200","1500","74500","0","0","0","74500","700"
"3810","サイバーステップ","東証","20230309","日証金","確報","500","12200","92000","0","0","0","92000","-11700"
"3814","アルファクスＦＳ","東証","20230309","日証金","確報","0","0","1200","0","0","0","1200","0"
"3815","メディア工房","東証","20230309","日証金","確報","0","400","3600","0","0","0","3600","-400"
"3816","大和コンピューター","東証","20230309","日証金","確報","0","0","1100","0","0","0","1100","0"
"3817","ＳＲＡＨＤ","東証","20230309","日証金","確報","0","200","1600","100","100","100","1500","-200"
"3823","ＷＨＹ　ＨＯＷ　ＤＯ","東証","20230309","日証金","確報","0","0","152100","0","0","0","152100","0"
"3824","メディアファイブ","福証","20230309","日証金","確報","0","0","11500","0","0","0","11500","0"
"3825","リミックスポイント","東証","20230309","日証金","確報","0","5500","180600","0","0","0","180600","-5500"
"3826","システムインテグレタ","東証","20230309","日証金","確報","100","800","44700","0","0","50000","-5300","-700"
"3830","ギガプライズ","名証","20230309","日証金","確報","0","0","76900","0","0","0","76900","0"
"3834","朝日ネット","東証","20230309","日証金","確報","100","100","2600","0","0","400","2200","0"
"3835","ｅＢＡＳＥ","東証","20230309","日証金","確報","14100","1600","26200","600","700","10700","15500","12600"
"3836","アバントグループ","東証","20230309","日証金","確報","0","0","3000","100","200","1400","1600","100"
"3837","アドソル日進","東証","20230309","日証金","確報","0","100","1800","0","0","100","1700","-100"
"3839","ＯＤＫソリューション","東証","20230309","日証金","確報","0","0","1500","100","0","200","1300","-100"
"3840","パス","東証","20230309","日証金","確報","0","0","208800","0","0","0","208800","0"
"3841","ジーダット","東証","20230309","日証金","確報","200","0","1200","0","0","0","1200","200"
"3842","ネクストジェン","東証","20230309","日証金","確報","0","100","8300","0","0","0","8300","-100"
"3843","フリービット","東証","20230309","日証金","確報","0","500","90000","2400","200","6300","83700","-2700"
"3844","コムチュア","東証","20230309","日証金","確報","200","0","22400","0","2000","1100","21300","2200"
"3845","アイフリークモバイル","東証","20230309","日証金","確報","0","800","21800","0","0","0","21800","-800"
"3847","パシフィックシステム","東証","20230309","日証金","確報","0","0","0","0","0","0","0","0"
"3848","データ・アプリケショ","東証","20230309","日証金","確報","200","0","1700","0","0","0","1700","200"
"3849","日本テクノ・ラボ","札証","20230309","日証金","確報","0","0","300","0","0","0","300","0"
"3850","ＮＴＴＤイントラマト","東証","20230309","日証金","確報","0","0","400","0","0","0","400","0"
"3851","日本一ソフトウェア","東証","20230309","日証金","確報","0","2100","2200","0","0","900","1300","-2100"
"3852","サイバーコム","東証","20230309","日証金","確報","0","0","1100","0","0","0","1100","0"
"3853","アステリア","東証","20230309","日証金","確報","2500","500","74100","0","0","10100","64000","2000"
"3854","アイル","東証","20230309","日証金","確報","0","1200","7100","0","0","0","7100","-1200"
"3856","Ａｂａｌａｎｃｅ","東証","20230309","日証金","確報","8000","2700","81700","0","0","0","81700","5300"
"3857","ラック","東証","20230309","日証金","確報","0","100","11800","0","0","0","11800","-100"
"3858","ユビキタスＡＩ","東証","20230309","日証金","確報","300","5100","19000","0","0","0","19000","-4800"
"3861","王子ホールディングス","東証","20230309","日証金","確報","3200","9400","111600","300","0","1600","110000","-6500"
"3863","日本製紙","東証","20230309","日証金","確報","5100","6200","11100","100","4100","8200","2900","2900"
"3864","三菱製紙","東証","20230309","日証金","確報","100","500","65600","300","20400","50400","15200","19700"
"3865","北越コーポレーション","東証","20230309","日証金","確報","200","0","5500","10200","200","83200","-77700","-9800"
"3877","中越パルプ工業","東証","20230309","日証金","確報","1100","0","4000","0","0","0","4000","1100"
"3878","巴川製紙所","東証","20230309","日証金","確報","4300","100","8600","400","0","500","8100","3800"
"3880","大王製紙","東証","20230309","日証金","確報","0","8800","72100","4200","1200","5500","66600","-11800"
"3891","ニッポン高度紙工業","東証","20230309","日証金","確報","300","800","47500","0","0","50300","-2800","-500"
"3892","岡山製紙","東証","20230309","日証金","確報","200","0","800","200","0","800","0","0"
"3895","ハビックス","東証","20230309","日証金","確報","0","0","6700","0","0","0","6700","0"
"3896","阿波製紙","東証","20230309","日証金","確報","300","2900","11400","0","0","0","11400","-2600"
"3900","クラウドワークス","東証","20230309","日証金","確報","0","1500","6100","0","0","0","6100","-1500"
"3901","マークラインズ","東証","20230309","日証金","確報","200","100","23900","0","0","0","23900","100"
"3902","ＭＤＶ","東証","20230309","日証金","確報","0","3600","105700","0","0","3300","102400","-3600"
"3903","ｇｕｍｉ","東証","20230309","日証金","確報","1700","16800","1822600","0","0","512500","1310100","-15100"
"3904","カヤック","東証","20230309","日証金","確報","10300","11200","52800","0","0","0","52800","-900"
"3905","データセクション","東証","20230309","日証金","確報","100","0","5500","0","0","0","5500","100"
"3907","シリコンスタジオ","東証","20230309","日証金","確報","700","0","12100","0","0","0","12100","700"
"3908","コラボス","東証","20230309","日証金","確報","0","0","3400","0","0","0","3400","0"
"3909","ショーケース","東証","20230309","日証金","確報","300","0","4500","0","0","0","4500","300"
"3910","エムケイシステム","東証","20230309","日証金","確報","0","300","6600","0","0","0","6600","-300"
"3911","Ａｉｍｉｎｇ","東証","20230309","日証金","確報","2500","200","259800","0","0","0","259800","2300"
"3912","モバイルファクトリー","東証","20230309","日証金","確報","0","100","9100","0","100","2000","7100","0"
"3913","ｓＭｅｄｉｏ","東証","20230309","日証金","確報","0","0","1100","0","0","0","1100","0"
"3914","ＪＩＧ－ＳＡＷ","東証","20230309","日証金","確報","600","900","74500","100","0","83200","-8700","-400"
"3915","テラスカイ","東証","20230309","日証金","確報","0","1200","11700","0","0","700","11000","-1200"
"3916","ＤＩＴ","東証","20230309","日証金","確報","400","0","17000","0","0","0","17000","400"
"3917","アイリッジ","東証","20230309","日証金","確報","0","0","9400","0","0","0","9400","0"
"3918","ＰＣＩＨＤ","東証","20230309","日証金","確報","1200","400","9300","0","0","0","9300","800"
"3920","アイビーシー","東証","20230309","日証金","確報","0","0","6700","0","0","400","6300","0"
"3921","ネオジャパン","東証","20230309","日証金","確報","0","0","3600","0","200","800","2800","200"
"3922","ＰＲ　ＴＩＭＥＳ","東証","20230309","日証金","確報","0","300","6100","0","100","4200","1900","-200"
"3923","ラクス","東証","20230309","日証金","確報","0","7900","147200","8800","4100","881300","-734100","-12600"
"3924","ランドコンピュータ","東証","20230309","日証金","確報","0","0","0","0","0","100","-100","0"
"3925","ダブルスタンダード","東証","20230309","日証金","確報","2500","700","81900","0","0","0","81900","1800"
"3926","オープンドア","東証","20230309","日証金","確報","0","7100","65400","0","0","0","65400","-7100"
"3927","フーバーブレイン","東証","20230309","日証金","確報","0","0","46600","0","0","0","46600","0"
"3928","マイネット","東証","20230309","日証金","確報","0","700","10700","0","0","500","10200","-700"
"3929","ソーシャルワイヤー","東証","20230309","日証金","確報","0","300","5800","0","0","0","5800","-300"
"3930","はてな","東証","20230309","日証金","確報","0","200","5600","0","0","0","5600","-200"
"3931","バリューゴルフ","東証","20230309","日証金","確報","0","0","400","0","0","0","400","0"
"3932","アカツキ","東証","20230309","日証金","確報","0","700","17000","0","0","0","17000","-700"
"3933","チエル","東証","20230309","日証金","確報","0","0","13100","0","0","100","13000","0"
"3934","ベネフィットジャパン","東証","20230309","日証金","確報","0","0","1000","0","0","0","1000","0"
"3935","エディア","東証","20230309","日証金","確報","6100","3300","67100","0","0","0","67100","2800"
"3936","グローバルウェイ","東証","20230309","日証金","確報","25900","100","123200","0","0","0","123200","25800"
"3937","Ｕｂｉｃｏｍ","東証","20230309","日証金","確報","0","300","8800","0","0","300","8500","-300"
"3939","カナミックＮ","東証","20230309","日証金","確報","100","1000","28600","0","0","900","27700","-900"
"3940","ノムラシステム","東証","20230309","日証金","確報","1600","0","27800","0","500","1100","26700","2100"
"3941","レンゴー","東証","20230309","日証金","確報","4500","12000","45700","8300","2000","8800","36900","-13800"
"3943","大石産業","東証","20230309","日証金","確報","200","0","2700","0","0","0","2700","200"
"3943","大石産業","福証","20230309","日証金","確報","0","0","0","0","0","0","0","0"
"3944","古林紙工","東証","20230309","日証金","確報","0","0","0","0","0","0","0","0"
"3945","スーパーバッグ","東証","20230309","日証金","確報","900","0","7500","0","0","0","7500","900"
"3946","トーモク","札証","20230309","日証金","確報","0","0","0","0","0","0","0","0"
"3946","トーモク","東証","20230309","日証金","確報","0","900","10000","0","0","300","9700","-900"
"3947","ダイナパック","名証","20230309","日証金","確報","0","0","0","0","0","0","0","0"
"3947","ダイナパック","東証","20230309","日証金","確報","100","0","3100","0","0","0","3100","100"
"3948","光ビジネスフォーム","東証","20230309","日証金","確報","0","0","2800","0","0","0","2800","0"
"3950","ザ・パック","東証","20230309","日証金","確報","0","0","3200","1400","100","18600","-15400","-1300"
"3951","朝日印刷","東証","20230309","日証金","確報","0","0","800","0","0","0","800","0"
"3952","中央紙器工業","名証","20230309","日証金","確報","0","0","1400","0","0","0","1400","0"
"3953","大村紙業","東証","20230309","日証金","確報","0","0","1300","0","0","0","1300","0"
"3954","昭和パックス","東証","20230309","日証金","確報","0","0","0","0","0","0","0","0"
"3955","イムラ","東証","20230309","日証金","確報","0","0","6000","300","100","6900","-900","-200"
"3961","シルバーエッグ","東証","20230309","日証金","確報","100","0","2200","0","0","0","2200","100"
"3962","チェンジ","東証","20230309","日証金","確報","200","24800","70700","300","500","49800","20900","-24400"
"3963","シンクロ・フード","東証","20230309","日証金","確報","3000","11000","87200","0","0","100","87100","-8000"
"3964","オークネット","東証","20230309","日証金","確報","0","0","10500","2100","0","2300","8200","-2100"
"3965","ＣＡＰ","東証","20230309","日証金","確報","0","0","3000","0","0","0","3000","0"
"3967","エルテス","東証","20230309","日証金","確報","1400","100","9300","0","0","0","9300","1300"
"3968","セグエグループ","東証","20230309","日証金","確報","100","0","4200","0","0","200","4000","100"
"3969","エイトレッド","東証","20230309","日証金","確報","0","100","7100","0","0","0","7100","-100"
"3970","イノベーション","東証","20230309","日証金","確報","100","0","2700","0","0","0","2700","100"
"3974","ティビィシィ・スキヤ","東証","20230309","日証金","確報","300","200","800","0","0","0","800","100"
"3976","シャノン","東証","20230309","日証金","確報","0","300","11000","0","0","0","11000","-300"
"3977","フュージョン","札証","20230309","日証金","確報","0","0","0","0","0","0","0","0"
"3978","マクロミル","東証","20230309","日証金","確報","1500","0","8100","0","0","0","8100","1500"
"3979","うるる","東証","20230309","日証金","確報","600","6600","12500","0","0","0","12500","-6000"
"3981","ビーグリー","東証","20230309","日証金","確報","100","0","3600","0","0","0","3600","100"
"3983","オロ","東証","20230309","日証金","確報","1400","100","4000","2600","0","5300","-1300","-1300"
"3984","ユーザーローカル","東証","20230309","日証金","確報","600","6600","23500","0","0","0","23500","-6000"
"3985","テモナ","東証","20230309","日証金","確報","0","100","6300","0","0","0","6300","-100"
"3986","ビーブレイク","東証","20230309","日証金","確報","0","0","1100","0","0","0","1100","0"
"3987","エコモット","札証","20230309","日証金","確報","0","0","0","0","0","0","0","0"
"3987","エコモット","東証","20230309","日証金","確報","1700","2200","6600","26100","0","96300","-89700","-26600"
"3988","ＳＹＳＨＤ","東証","20230309","日証金","確報","200","0","800","0","0","0","800","200"
"3989","シェアリングＴ","東証","20230309","日証金","確報","10200","300","79000","0","0","0","79000","9900"
"3990","ＵＵＵＭ","東証","20230309","日証金","確報","0","1500","28000","0","0","0","28000","-1500"
"3991","ウォンテッドリー","東証","20230309","日証金","確報","100","200","13000","0","0","0","13000","-100"
"3992","ニーズウェル","東証","20230309","日証金","確報","0","1000","14400","300","500","5600","8800","-800"
"3993","ＰＫＳＨＡ","東証","20230309","日証金","確報","4100","4100","279400","0","0","279400","0","0"
"3994","マネーフォワード","東証","20230309","日証金","確報","500","7200","39100","43200","2800","854700","-815600","-47100"
"3995","ＳＫＩＹＡＫＩ","東証","20230309","日証金","確報","1100","1700","8300","0","0","4000","4300","-600"
"3996","サインポスト","東証","20230309","日証金","確報","0","6900","12300","0","0","0","12300","-6900"
"3997","トレードワークス","東証","20230309","日証金","確報","0","0","6100","0","0","0","6100","0"
"3998","すららネット","東証","20230309","日証金","確報","0","600","18700","0","0","100","18600","-600"
"3999","ナレッジスイート","東証","20230309","日証金","確報","200","0","3400","0","0","0","3400","200"
"4004","レゾナックＨＤ","東証","20230309","日証金","確報","0","5500","52000","0","2000","27400","24600","-3500"
"4005","住友化学","東証","20230309","日証金","確報","4300","39600","188600","0","2000","19000","169600","-33300"
"4008","住友精化","東証","20230309","日証金","確報","0","700","4500","0","700","2900","1600","0"
"4011","ヘッドウォータース","東証","20230309","日証金","確報","200","700","6600","0","0","0","6600","-500"
"4012","アクシス","東証","20230309","日証金","確報","0","0","800","0","0","0","800","0"
"4013","勤次郎","東証","20230309","日証金","確報","0","600","3200","0","0","0","3200","-600"
"4014","カラダノート","東証","20230309","日証金","確報","500","0","2800","0","0","0","2800","500"
"4015","アララ","東証","20230309","日証金","確報","100","200","6700","0","0","0","6700","-100"
"4016","ＭＩＴＨＤ","東証","20230309","日証金","確報","400","500","8000","0","0","0","8000","-100"
"4017","クリーマ","東証","20230309","日証金","確報","0","200","1500","0","0","0","1500","-200"
"4018","ジオロケ","福証","20230309","日証金","確報","0","0","900","0","0","0","900","0"
"4019","スタメン","東証","20230309","日証金","確報","100","7400","6100","300","0","4600","1500","-7600"
"4020","ビートレンド","東証","20230309","日証金","確報","0","0","1300","0","0","0","1300","0"
"4021","日産化学","東証","20230309","日証金","確報","100","25000","3400","0","2300","18700","-15300","-22600"
"4022","ラサ工業","東証","20230309","日証金","確報","3100","5500","25500","0","0","0","25500","-2400"
"4023","クレハ","東証","20230309","日証金","確報","1600","200","9000","0","0","0","9000","1400"
"4025","多木化学","東証","20230309","日証金","確報","100","0","5900","0","0","300","5600","100"
"4026","神島化学工業","東証","20230309","日証金","確報","100","500","34300","0","0","0","34300","-400"
"4027","テイカ","東証","20230309","日証金","確報","0","0","8100","0","0","0","8100","0"
"4028","石原産業","東証","20230309","日証金","確報","1400","500","5500","100","700","100","5400","1500"
"4031","片倉コープアグリ","東証","20230309","日証金","確報","3000","2600","15600","400","0","15600","0","0"
"4041","日本曹達","東証","20230309","日証金","確報","0","200","2800","0","0","100","2700","-200"
"4042","東ソー","東証","20230309","日証金","確報","1200","6300","4000","600","100","3900","100","-5600"
"4043","トクヤマ","東証","20230309","日証金","確報","4600","1000","18400","4400","800","18400","0","0"
"4044","セントラル硝子","東証","20230309","日証金","確報","1400","100","12100","200","0","600","11500","1100"
"4045","東亞合成","東証","20230309","日証金","確報","1100","0","14200","200","0","7600","6600","900"
"4046","大阪ソーダ","東証","20230309","日証金","確報","0","9800","13800","0","1500","8900","4900","-8300"
"4047","関東電化工業","東証","20230309","日証金","確報","8200","4800","41400","5700","2300","41400","0","0"
"4051","ＧＭＯ－ＦＧ","東証","20230309","日証金","確報","600","700","16500","0","0","0","16500","-100"
"4052","フィーチャ","東証","20230309","日証金","確報","0","0","5500","0","0","0","5500","0"
"4053","サンアスタリスク","東証","20230309","日証金","確報","3200","1200","32400","0","0","6900","25500","2000"
"4054","日本情報クリエイト","東証","20230309","日証金","確報","100","100","6500","100","0","500","6000","-100"
"4055","ティアンドエス","東証","20230309","日証金","確報","8000","900","30500","300","33500","600","29900","40300"
"4056","ニューラルポケット","東証","20230309","日証金","確報","0","1500","23300","0","0","0","23300","-1500"
"4057","インターファクトリー","東証","20230309","日証金","確報","200","0","3900","0","0","0","3900","200"
"4058","トヨクモ","東証","20230309","日証金","確報","100","2500","12300","100","100","1700","10600","-2400"
"4059","まぐまぐ","東証","20230309","日証金","確報","0","0","1000","0","0","0","1000","0"
"4060","ｒａｋｕｍｏ","東証","20230309","日証金","確報","300","0","5500","0","0","0","5500","300"
"4061","デンカ","東証","20230309","日証金","確報","2900","100","26500","0","0","1600","24900","2800"
"4062","イビデン","名証","20230309","日証金","確報","0","0","0","0","0","0","0","0"
"4062","イビデン","東証","20230309","日証金","確報","2400","9300","42500","3700","0","69000","-26500","-10600"
"4063","信越化学工業","名証","20230309","日証金","確報","0","0","0","0","0","0","0","0"
"4063","信越化学工業","東証","20230309","日証金","確報","2100","7100","12400","25500","100","72100","-59700","-30400"
"4064","日本カーバイド工業","東証","20230309","日証金","確報","1000","0","22600","0","0","0","22600","1000"
"4068","ベイシス","東証","20230309","日証金","確報","0","100","3500","0","0","0","3500","-100"
"4069","ＢｌｕｅＭｅｍｅ","東証","20230309","日証金","確報","0","0","2300","0","0","0","2300","0"
"4071","プラスアルファ","東証","20230309","日証金","確報","100","1000","6500","1000","0","2900","3600","-1900"
"4072","電算システムＨＤ","名証","20230309","日証金","確報","0","0","0","0","0","0","0","0"
"4072","電算システムＨＤ","東証","20230309","日証金","確報","0","0","5200","0","100","4100","1100","100"
"4073","ジィ・シィ企画","東証","20230309","日証金","確報","0","0","3000","0","0","0","3000","0"
"4074","ラキール","東証","20230309","日証金","確報","700","0","6100","2200","800","9700","-3600","-700"
"4075","ブレインズ","東証","20230309","日証金","確報","0","500","3400","0","0","0","3400","-500"
"4076","シイエヌエス","東証","20230309","日証金","確報","0","0","1200","0","0","0","1200","0"
"4078","堺化学工業","東証","20230309","日証金","確報","0","300","9100","0","0","0","9100","-300"
"4080","田中化学研究所","東証","20230309","日証金","確報","200","1500","48400","0","0","0","48400","-1300"
"4082","第一稀元素化学工業","東証","20230309","日証金","確報","0","6500","40700","0","0","0","40700","-6500"
"4088","エア・ウォーター","札証","20230309","日証金","確報","0","0","0","0","0","0","0","0"
"4088","エア・ウォーター","東証","20230309","日証金","確報","0","8200","24000","0","0","0","24000","-8200"
"4091","日本酸素ＨＤ","東証","20230309","日証金","確報","2000","3800","14100","0","2400","17800","-3700","600"
"4092","日本化学工業","東証","20230309","日証金","確報","200","100","2600","100","0","1100","1500","0"
"4093","東邦アセチレン","東証","20230309","日証金","確報","0","300","6200","0","0","0","6200","-300"
"4094","日本化学産業","東証","20230309","日証金","確報","3700","0","16500","0","0","0","16500","3700"
"4095","日本パーカライジング","東証","20230309","日証金","確報","0","0","6400","400","0","1700","4700","-400"
"4097","高圧ガス工業","東証","20230309","日証金","確報","4200","300","8000","1200","0","5100","2900","2700"
"4098","チタン工業","東証","20230309","日証金","確報","0","0","2600","0","0","0","2600","0"
"4099","四国化成ＨＤ","東証","20230309","日証金","確報","0","0","1600","400","0","500","1100","-400"
"4100","戸田工業","東証","20230309","日証金","確報","100","700","30300","0","0","0","30300","-600"
"4102","丸尾カルシウム","東証","20230309","日証金","確報","0","0","900","0","0","0","900","0"
"4107","伊勢化学工業","東証","20230309","日証金","確報","400","200","2600","0","0","0","2600","200"
"4109","ステラ　ケミファ","東証","20230309","日証金","確報","1100","4400","11600","0","100","600","11000","-3200"
"4112","保土谷化学工業","東証","20230309","日証金","確報","300","200","2100","0","0","600","1500","100"
"4113","田岡化学工業","東証","20230309","日証金","確報","100","0","14400","0","0","0","14400","100"
"4114","日本触媒","東証","20230309","日証金","確報","0","0","300","1200","0","3800","-3500","-1200"
"4116","大日精化工業","東証","20230309","日証金","確報","0","0","4700","0","0","0","4700","0"
"4118","カネカ","東証","20230309","日証金","確報","300","900","6000","0","0","0","6000","-600"
"4119","日本ピグメント","東証","20230309","日証金","確報","0","100","700","0","0","0","700","-100"
"4120","スガイ化学工業","東証","20230309","日証金","確報","0","0","2000","0","0","0","2000","0"
"4124","大阪油化工業","東証","20230309","日証金","確報","0","0","5200","0","0","0","5200","0"
"4125","三和油化工業","名証","20230309","日証金","確報","0","0","0","0","0","0","0","0"
"4125","三和油化工業","東証","20230309","日証金","確報","700","100","8800","0","0","0","8800","600"
"4151","協和キリン","東証","20230309","日証金","確報","100","200","19100","0","0","0","19100","-100"
"4165","プレイド","東証","20230309","日証金","確報","60200","60200","2100200","0","0","2100200","0","0"
"4166","かっこ","東証","20230309","日証金","確報","400","0","2500","0","0","0","2500","400"
"4167","ココペリ","東証","20230309","日証金","確報","1300","1100","114400","0","0","230000","-115600","200"
"4168","ヤプリ","東証","20230309","日証金","確報","40900","25100","157500","3700","0","54700","102800","12100"
"4169","ＥＮＥＣＨＡＮＧＥ","東証","20230309","日証金","確報","115700","86900","1000000","0","0","1000000","0","28800"
"4170","ＫａｉｚｅｎＰＦ","東証","20230309","日証金","確報","47700","1700","314900","2000","1700","514700","-199800","45700"
"4171","グローバルＩ","東証","20230309","日証金","確報","200","0","1500","0","0","0","1500","200"
"4172","東和ハイシステム","東証","20230309","日証金","確報","0","100","4900","0","0","0","4900","-100"
"4173","ＷＡＣＵＬ","東証","20230309","日証金","確報","0","900","10400","0","0","0","10400","-900"
"4174","アピリッツ","東証","20230309","日証金","確報","1100","0","2700","0","0","0","2700","1100"
"4175","ｃｏｌｙ","東証","20230309","日証金","確報","0","300","11300","0","0","0","11300","-300"
"4176","ココナラ","東証","20230309","日証金","確報","21400","2800","397300","0","0","493600","-96300","18600"
"4177","ｉ‐ｐｌｕｇ","東証","20230309","日証金","確報","0","0","5200","0","0","0","5200","0"
"4178","Ｓイノベーション","東証","20230309","日証金","確報","0","0","4200","0","0","0","4200","0"
"4179","ジーネクスト","東証","20230309","日証金","確報","300","0","3300","0","0","0","3300","300"
"4180","Ａｐｐｉｅｒ","東証","20230309","日証金","確報","1500","2300","45100","0","0","0","45100","-800"
"4182","三菱瓦斯化学","東証","20230309","日証金","確報","0","1800","33000","0","0","0","33000","-1800"
"4183","三井化学","東証","20230309","日証金","確報","2700","0","14400","2900","200","14400","0","0"
"4185","ジェイエスアール","東証","20230309","日証金","確報","1400","6400","5900","1300","200","5900","0","-6100"
"4186","東京応化工業","東証","20230309","日証金","確報","700","1100","4100","3600","100","29500","-25400","-3900"
"4187","大阪有機化学工業","東証","20230309","日証金","確報","100","700","9000","0","0","0","9000","-600"
"4188","三菱ケミカルグループ","東証","20230309","日証金","確報","31700","28500","181500","3400","5200","373000","-191500","5000"
"4189","ＫＨネオケム","東証","20230309","日証金","確報","200","200","2700","0","0","800","1900","0"
"4192","スパイダープラス","東証","20230309","日証金","確報","54200","54000","902400","200","0","902400","0","0"
"4193","ファブリカ","名証","20230309","日証金","確報","0","0","0","0","0","0","0","0"
"4193","ファブリカ","東証","20230309","日証金","確報","0","100","3200","0","0","0","3200","-100"
"4194","ビジョナル","東証","20230309","日証金","確報","1500","400","13800","0","0","0","13800","1100"
"4196","ネオマーケティング","東証","20230309","日証金","確報","0","0","800","0","0","0","800","0"
"4198","テンダ","東証","20230309","日証金","確報","0","0","1500","0","0","0","1500","0"
"4199","ワンダープラネット","東証","20230309","日証金","確報","400","400","8400","0","0","0","8400","0"
"4200","ＨＣＳＨＤ","東証","20230309","日証金","確報","200","200","2000","0","0","0","2000","0"
"4202","ダイセル","東証","20230309","日証金","確報","1700","7500","40400","3000","0","107200","-66800","-8800"
"4203","住友ベークライト","東証","20230309","日証金","確報","1800","100","4500","200","900","8700","-4200","2400"
"4204","積水化学工業","東証","20230309","日証金","確報","100","7400","9100","15400","0","32000","-22900","-22700"
"4205","日本ゼオン","東証","20230309","日証金","確報","1500","200","15800","1500","200","15800","0","0"
"4206","アイカ工業","名証","20230309","日証金","確報","0","0","0","0","0","0","0","0"
"4206","アイカ工業","東証","20230309","日証金","確報","0","4800","5000","400","0","9900","-4900","-5200"
"4208","ＵＢＥ","東証","20230309","日証金","確報","800","1100","8000","0","100","5000","3000","-200"
"4208","ＵＢＥ","福証","20230309","日証金","確報","0","0","0","0","0","0","0","0"
"4212","積水樹脂","東証","20230309","日証金","確報","0","0","1700","0","0","1700","0","0"
"4215","タキロンシーアイ","東証","20230309","日証金","確報","0","300","4800","0","0","0","4800","-300"
"4216","旭有機材","東証","20230309","日証金","確報","600","1800","12000","100","200","9300","2700","-1100"
"4218","ニチバン","東証","20230309","日証金","確報","0","0","1700","300","0","600","1100","-300"
"4220","リケンテクノス","東証","20230309","日証金","確報","1800","100","10900","300","200","1100","9800","1600"
"4221","大倉工業","東証","20230309","日証金","確報","100","200","1700","0","100","1700","0","0"
"4222","児玉化学工業","東証","20230309","日証金","確報","3500","200","15400","0","0","0","15400","3300"
"4224","ロンシール工業","東証","20230309","日証金","確報","0","0","100","0","0","0","100","0"
"4228","積水化成品工業","東証","20230309","日証金","確報","300","1800","5700","0","0","5500","200","-1500"
"4229","群栄化学工業","東証","20230309","日証金","確報","0","100","3300","0","0","0","3300","-100"
"4231","タイガースポリマー","東証","20230309","日証金","確報","5000","0","31100","200","0","2300","28800","4800"
"4234","サンエー化研","東証","20230309","日証金","確報","0","0","34400","0","0","0","34400","0"
"4235","ＵＦＨＤ","東証","20230309","日証金","確報","500","200","12900","0","0","0","12900","300"
"4237","フジプレアム","東証","20230309","日証金","確報","0","500","12000","0","0","0","12000","-500"
"4238","ミライアル","東証","20230309","日証金","確報","2700","10200","34200","0","0","0","34200","-7500"
"4240","クラスタテクノロジ","東証","20230309","日証金","確報","0","1300","5800","0","0","0","5800","-1300"
"4241","アテクト","東証","20230309","日証金","確報","200","0","2100","0","0","0","2100","200"
"4242","タカギセイコー","東証","20230309","日証金","確報","0","0","600","0","0","0","600","0"
"4243","ニックス","東証","20230309","日証金","確報","3200","0","4700","0","0","0","4700","3200"
"4245","ダイキアクシス","東証","20230309","日証金","確報","0","400","6700","0","0","2400","4300","-400"
"4246","ダイキョーニシカワ","東証","20230309","日証金","確報","300","100","2600","700","0","2600","0","-500"
"4247","ポバール興業","名証","20230309","日証金","確報","0","0","0","0","0","0","0","0"
"4247","ポバール興業","東証","20230309","日証金","確報","0","0","1500","0","0","0","1500","0"
"4248","竹本容器","東証","20230309","日証金","確報","0","900","6900","300","200","18000","-11100","-1000"
"4249","森六ホールディングス","東証","20230309","日証金","確報","800","500","10500","300","0","10500","0","0"
"4250","フロンティア","福証","20230309","日証金","確報","0","0","0","0","0","0","0","0"
"4251","恵和","東証","20230309","日証金","確報","8500","0","118900","0","0","40000","78900","8500"
"4255","ＴＨＥＣＯＯ","東証","20230309","日証金","確報","0","0","4500","0","0","0","4500","0"
"4256","サインド","東証","20230309","日証金","確報","0","100","60200","0","0","0","60200","-100"
"4258","網屋","東証","20230309","日証金","確報","300","0","3500","0","0","0","3500","300"
"4259","エクサウィザーズ","東証","20230309","日証金","確報","11700","23100","263600","0","0","0","263600","-11400"
"4260","ハイブリッドテク","東証","20230309","日証金","確報","1900","0","41800","0","0","0","41800","1900"
"4261","アジアクエスト","東証","20230309","日証金","確報","100","300","3700","0","0","0","3700","-200"
"4262","ニフティライフ","東証","20230309","日証金","確報","200","100","5800","0","0","0","5800","100"
"4263","サスメド","東証","20230309","日証金","確報","54800","5100","440000","0","0","640700","-200700","49700"
"4264","セキュア","東証","20230309","日証金","確報","0","6000","20200","0","0","0","20200","-6000"
"4265","ＩＧＳ","東証","20230309","日証金","確報","200","0","4200","0","0","0","4200","200"
"4267","ライトワークス","東証","20230309","日証金","確報","0","0","1900","0","0","0","1900","0"
"4268","エッジテクノロジー","東証","20230309","日証金","確報","2800","3500","44300","0","0","0","44300","-700"
"4270","ＢｅｅＸ","東証","20230309","日証金","確報","700","800","6000","0","0","0","6000","-100"
"4272","日本化薬","東証","20230309","日証金","確報","100","0","17600","400","0","2200","15400","-300"
"4274","細谷火工","東証","20230309","日証金","確報","1000","800","21000","0","0","0","21000","200"
"4275","カーリットＨＤ","東証","20230309","日証金","確報","1100","1300","23900","0","0","0","23900","-200"
"4284","ソルクシーズ","東証","20230309","日証金","確報","500","400","157000","0","0","0","157000","100"
"4286","ＣＬホールディングス","東証","20230309","日証金","確報","0","100","4200","0","0","100","4100","-100"
"4287","ジャストプランニング","東証","20230309","日証金","確報","0","0","2600","0","0","0","2600","0"
"4288","アズジェント","東証","20230309","日証金","確報","0","0","3400","0","0","0","3400","0"
"4290","プレステージＩＮ","東証","20230309","日証金","確報","0","300","12200","0","0","100","12100","-300"
"4293","セプテーニＨＤ","東証","20230309","日証金","確報","200","800","186200","100","0","5500","180700","-700"
"4295","フェイス","東証","20230309","日証金","確報","0","0","64400","0","2200","4400","60000","2200"
"4298","プロトコーポ","名証","20230309","日証金","確報","0","0","0","0","0","0","0","0"
"4298","プロトコーポ","東証","20230309","日証金","確報","200","0","1500","0","0","200","1300","200"
"4299","ハイマックス","東証","20230309","日証金","確報","0","0","2200","0","0","300","1900","0"
"4301","アミューズ","東証","20230309","日証金","確報","0","900","3000","0","0","0","3000","-900"
"4304","イーストアー","東証","20230309","日証金","確報","0","0","14500","0","0","1200","13300","0"
"4307","野村総合研究所","東証","20230309","日証金","確報","0","21800","86100","0","0","500","85600","-21800"
"4308","Ｊストリーム","東証","20230309","日証金","確報","0","600","7600","0","0","0","7600","-600"
"4310","ドリームインキュベタ","東証","20230309","日証金","確報","3700","300","34500","0","0","400","34100","3400"
"4312","サイバネットシステム","東証","20230309","日証金","確報","2000","0","23900","100","3300","98200","-74300","5200"
"4316","ビーマップ","東証","20230309","日証金","確報","0","600","2600","0","0","0","2600","-600"
"4317","レイ","東証","20230309","日証金","確報","1100","600","19900","0","0","0","19900","500"
"4318","クイック","東証","20230309","日証金","確報","100","200","7200","0","100","1700","5500","0"
"4319","ＴＡＣ","東証","20230309","日証金","確報","0","300","4400","0","0","0","4400","-300"
"4320","ＣＥホールディングス","札証","20230309","日証金","確報","0","0","0","0","0","0","0","0"
"4320","ＣＥホールディングス","東証","20230309","日証金","確報","0","0","6400","0","0","0","6400","0"
"4323","日本システム技術","東証","20230309","日証金","確報","0","1400","10200","0","500","4200","6000","-900"
"4324","電通グループ","東証","20230309","日証金","確報","1100","300","16900","24400","1500","106800","-89900","-22100"
"4326","インテージＨＤ","東証","20230309","日証金","確報","0","400","7200","0","0","0","7200","-400"
"4327","日本ＳＨＬ","東証","20230309","日証金","確報","0","0","3500","0","0","0","3500","0"
"4331","Ｔ＆Ｇニーズ","東証","20230309","日証金","確報","8400","0","34300","0","0","0","34300","8400"
"4333","東邦システムサイエン","東証","20230309","日証金","確報","0","0","500","0","0","0","500","0"
"4334","ユークス","東証","20230309","日証金","確報","3000","1100","25800","0","0","0","25800","1900"
"4335","アイ・ピー・エス","東証","20230309","日証金","確報","0","0","4800","0","0","0","4800","0"
"4337","ぴあ","東証","20230309","日証金","確報","0","1100","4100","500","100","24100","-20000","-1500"
"4341","西菱電機","東証","20230309","日証金","確報","0","0","0","0","0","0","0","0"
"4343","イオンファンタジー","東証","20230309","日証金","確報","200","600","12800","3000","600","28800","-16000","-2800"
"4344","ソースネクスト","東証","20230309","日証金","確報","3200","16300","646600","5300","0","5300","641300","-18400"
"4345","シーティーエス","東証","20230309","日証金","確報","100","0","4500","0","0","100","4400","100"
"4346","ネクシィーズグループ","東証","20230309","日証金","確報","0","100","2700","0","0","2200","500","-100"
"4347","ブロードメディア","東証","20230309","日証金","確報","22500","500","39600","0","2000","6500","33100","24000"
"4348","インフォコム","東証","20230309","日証金","確報","2600","2100","9600","1600","100","9600","0","-1000"
"4349","テスク","名証","20230309","日証金","確報","100","0","300","0","0","0","300","100"
"4350","メディカルシステム","東証","20230309","日証金","確報","0","0","7700","0","0","0","7700","0"
"4351","山田債権回収管理","東証","20230309","日証金","確報","0","0","4000","0","0","0","4000","0"
"4355","ロングライフＨＤ","東証","20230309","日証金","確報","1000","1000","46400","0","0","46400","0","0"
"4356","応用技術","東証","20230309","日証金","確報","0","0","2000","0","0","0","2000","0"
"4360","マナック・ケミカルＰ","東証","20230309","日証金","確報","300","0","2100","0","0","0","2100","300"
"4361","川口化学工業","東証","20230309","日証金","確報","0","0","10000","0","0","0","10000","0"
"4362","日本精化","東証","20230309","日証金","確報","0","0","100","200","0","2600","-2500","-200"
"4365","松本油脂製薬","東証","20230309","日証金","確報","0","0","400","0","0","0","400","0"
"4366","ダイトーケミックス","東証","20230309","日証金","確報","1100","300","23900","0","0","0","23900","800"
"4367","広栄化学","東証","20230309","日証金","確報","200","0","1600","0","0","0","1600","200"
"4368","扶桑化学工業","東証","20230309","日証金","確報","0","1000","8800","300","0","1500","7300","-1300"
"4369","トリケミカル研究所","東証","20230309","日証金","確報","400","0","21100","0","0","0","21100","400"
"4370","モビルス","東証","20230309","日証金","確報","1600","0","9100","0","0","0","9100","1600"
"4371","ＣＣＴ","東証","20230309","日証金","確報","500","0","10100","0","0","0","10100","500"
"4372","ユミルリンク","東証","20230309","日証金","確報","0","0","1600","0","0","0","1600","0"
"4373","シンプレクスＨＤ","東証","20230309","日証金","確報","0","100","14400","100","0","600","13800","-200"
"4374","ロボペイ","東証","20230309","日証金","確報","1500","200","4500","0","0","0","4500","1300"
"4375","セーフィー","東証","20230309","日証金","確報","1800","0","154700","23100","300","347700","-193000","-21000"
"4376","くふうカンパニー","東証","20230309","日証金","確報","200","300","30300","0","0","0","30300","-100"
"4377","ワンキャリア","東証","20230309","日証金","確報","500","0","4300","0","0","0","4300","500"
"4378","ＣＩＮＣ","東証","20230309","日証金","確報","0","200","8400","0","0","0","8400","-200"
"4379","Ｐｈｏｔｏｓｙｎｔｈ","東証","20230309","日証金","確報","0","500","8700","0","0","0","8700","-500"
"4380","Ｍマート","東証","20230309","日証金","確報","0","100","1300","0","0","0","1300","-100"
"4381","ビープラッツ","東証","20230309","日証金","確報","0","0","9400","0","0","0","9400","0"
"4382","ＨＥＲＯＺ","東証","20230309","日証金","確報","600","16000","22800","15200","600","86000","-63200","-30000"
"4384","ラクスル","東証","20230309","日証金","確報","1000","108900","116700","3300","200","319900","-203200","-111000"
"4385","メルカリ","東証","20230309","日証金","確報","22600","15400","570900","4200","4700","128300","442600","7700"
"4386","ＳＩＧグループ","東証","20230309","日証金","確報","300","0","13500","0","0","600","12900","300"
"4387","ＺＵＵ","東証","20230309","日証金","確報","0","0","28600","0","0","0","28600","0"
"4388","エーアイ","東証","20230309","日証金","確報","16600","3300","19200","249600","0","249600","-230400","-236300"
"4389","プロパティＤＢＫ","東証","20230309","日証金","確報","400","0","2800","200","100","1000","1800","300"
"4390","ｉｐｓ","東証","20230309","日証金","確報","100","0","13600","0","0","0","13600","100"
"4391","ロジザード","東証","20230309","日証金","確報","0","0","1800","0","0","0","1800","0"
"4392","ＦＩＧ","東証","20230309","日証金","確報","300","1000","73100","200","0","7100","66000","-900"
"4392","ＦＩＧ","福証","20230309","日証金","確報","0","0","0","0","0","0","0","0"
"4393","バンクオブイノベ","東証","20230309","日証金","確報","5100","2700","80700","0","0","0","80700","2400"
"4394","エクスモーション","東証","20230309","日証金","確報","100","0","5000","0","0","0","5000","100"
"4395","アクリート","東証","20230309","日証金","確報","200","1300","37800","0","0","0","37800","-1100"
"4396","システムサポート","東証","20230309","日証金","確報","400","0","6800","100","0","5900","900","300"
"4397","チームスピリット","東証","20230309","日証金","確報","400","200","14100","0","0","0","14100","200"
"4398","ＢＢＳｅｃ","東証","20230309","日証金","確報","0","0","30100","0","0","0","30100","0"
"4401","ＡＤＥＫＡ","東証","20230309","日証金","確報","2000","900","6700","1300","200","6700","0","0"
"4403","日油","東証","20230309","日証金","確報","0","0","6000","600","28100","7300","-1300","27500"
"4404","ミヨシ油脂","東証","20230309","日証金","確報","100","4600","11800","0","100","18800","-7000","-4400"
"4406","新日本理化","東証","20230309","日証金","確報","1000","0","33300","0","0","400","32900","1000"
"4409","東邦化学工業","東証","20230309","日証金","確報","0","0","1800","0","0","0","1800","0"
"4410","ハリマ化成グループ","東証","20230309","日証金","確報","0","600","3500","800","0","900","2600","-1400"
"4412","サイエンスアーツ","東証","20230309","日証金","確報","900","0","28100","0","0","0","28100","900"
"4413","ボードルア","東証","20230309","日証金","確報","100","0","1500","0","0","0","1500","100"
"4414","フレクト","東証","20230309","日証金","確報","100","0","2300","0","0","0","2300","100"
"4415","ブロードエンター","東証","20230309","日証金","確報","0","0","200","0","0","0","200","0"
"4416","ＴｒｕｅＤａｔａ","東証","20230309","日証金","確報","0","0","3100","0","0","0","3100","0"
"4417","グローバルセキュ","東証","20230309","日証金","確報","3400","800","16700","0","0","0","16700","2600"
"4418","ＪＤＳＣ","東証","20230309","日証金","確報","900","1200","50000","0","300","50000","0","0"
"4419","Ｆｉｎａｔｅｘｔ","東証","20230309","日証金","確報","0","300","24200","0","0","0","24200","-300"
"4420","イーソル","東証","20230309","日証金","確報","100","100","4000","0","0","400","3600","0"
"4421","ディ・アイ・システム","東証","20230309","日証金","確報","0","0","1100","0","0","0","1100","0"
"4422","ＶＡＬＵＥＮＥＸ","東証","20230309","日証金","確報","100","1100","11100","0","0","0","11100","-1000"
"4423","アルテリア","東証","20230309","日証金","確報","1000","2900","11500","0","0","100","11400","-1900"
"4424","Ａｍａｚｉａ","東証","20230309","日証金","確報","0","0","7000","0","0","2700","4300","0"
"4425","Ｋｕｄａｎ","東証","20230309","日証金","確報","5800","600","181500","0","1500","64300","117200","6700"
"4427","ＥｄｕＬａｂ","東証","20230309","日証金","確報","100","0","31200","0","0","0","31200","100"
"4428","シノプス","東証","20230309","日証金","確報","0","100","700","0","0","0","700","-100"
"4429","リックソフト","東証","20230309","日証金","確報","0","1000","2300","0","0","0","2300","-1000"
"4430","東海ソフト","名証","20230309","日証金","確報","0","0","0","0","0","0","0","0"
"4430","東海ソフト","東証","20230309","日証金","確報","0","0","5400","0","0","0","5400","0"
"4431","スマレジ","東証","20230309","日証金","確報","36600","3300","48300","300","31100","223600","-175300","64100"
"4432","ウイングアーク１ｓｔ","東証","20230309","日証金","確報","200","1000","3500","0","0","400","3100","-800"
"4433","ヒトコムＨＤ","東証","20230309","日証金","確報","0","0","1000","0","0","0","1000","0"
"4434","サーバーワークス","東証","20230309","日証金","確報","7000","6900","32200","100","0","32200","0","0"
"4435","カオナビ","東証","20230309","日証金","確報","2500","100","8800","0","700","1100","7700","3100"
"4436","ミンカブ","東証","20230309","日証金","確報","6000","6500","364100","100","0","426500","-62400","-600"
"4437","ＧＤＨ","東証","20230309","日証金","確報","0","0","3500","0","0","0","3500","0"
"4438","Ｗｅｌｂｙ","東証","20230309","日証金","確報","400","0","6900","0","0","0","6900","400"
"4439","東名","名証","20230309","日証金","確報","0","0","0","0","0","0","0","0"
"4439","東名","東証","20230309","日証金","確報","300","800","34100","1300","1100","120600","-86500","-700"
"4440","ヴィッツ","東証","20230309","日証金","確報","200","0","2200","0","0","0","2200","200"
"4441","トビラシステムズ","東証","20230309","日証金","確報","100","0","4800","0","0","0","4800","100"
"4442","バルテス","東証","20230309","日証金","確報","500","800","16600","0","1600","5700","10900","1300"
"4443","Ｓａｎｓａｎ","東証","20230309","日証金","確報","3800","100","77900","53700","16100","1185200","-1107300","-33900"
"4444","インフォネット","東証","20230309","日証金","確報","200","200","4600","0","0","0","4600","0"
"4445","リビンＴ","東証","20230309","日証金","確報","400","0","3400","0","0","0","3400","400"
"4446","Ｌｉｎｋ－Ｕ","東証","20230309","日証金","確報","0","0","600","1200","0","16400","-15800","-1200"
"4447","ピー・ビーシステムズ","東証","20230309","日証金","確報","2200","1000","18500","100","0","2300","16200","1100"
"4447","ピー・ビーシステムズ","福証","20230309","日証金","確報","0","0","500","0","0","100","400","0"
"4448","Ｃｈａｔｗｏｒｋ","東証","20230309","日証金","確報","36000","400","131700","14900","3300","532000","-400300","24000"
"4449","ギフティ","東証","20230309","日証金","確報","1900","600","11100","8100","22900","428200","-417100","16100"
"4450","ＰＳＯＬ","東証","20230309","日証金","確報","0","0","1000","0","0","0","1000","0"
"4452","花王","東証","20230309","日証金","確報","0","5800","58600","0","1500","2200","56400","-4300"
"4461","第一工業製薬","東証","20230309","日証金","確報","0","0","9000","0","0","1200","7800","0"
"4462","石原ケミカル","東証","20230309","日証金","確報","200","300","1200","200","100","500","700","-200"
"4463","日華化学","名証","20230309","日証金","確報","0","0","0","0","0","0","0","0"
"4463","日華化学","東証","20230309","日証金","確報","1100","100","4000","0","0","0","4000","1000"
"4464","ソフト９９","東証","20230309","日証金","確報","0","0","200","0","0","0","200","0"
"4465","ニイタカ","東証","20230309","日証金","確報","0","0","1100","0","0","0","1100","0"
"4471","三洋化成工業","東証","20230309","日証金","確報","100","500","6800","0","1400","500","6300","1000"
"4475","ＨＥＮＮＧＥ","東証","20230309","日証金","確報","60300","59400","1044300","1000","100","1044300","0","0"
"4476","ＡＩ　ＣＲＯＳＳ","東証","20230309","日証金","確報","200","1100","6900","0","0","0","6900","-900"
"4477","ＢＡＳＥ","東証","20230309","日証金","確報","129100","128100","3005500","1000","0","3005500","0","0"
"4478","フリー","東証","20230309","日証金","確報","2100","500","10300","7400","11300","39800","-29500","5500"
"4479","マクアケ","東証","20230309","日証金","確報","0","300","17200","0","0","0","17200","-300"
"4480","メドレー","東証","20230309","日証金","確報","800","14900","15400","16400","500","109900","-94500","-30000"
"4481","ベース","東証","20230309","日証金","確報","0","1200","4600","1200","600","19800","-15200","-1800"
"4482","ウィルズ","東証","20230309","日証金","確報","800","0","5400","0","0","0","5400","800"
"4483","ＪＭＤＣ","東証","20230309","日証金","確報","2100","2400","38900","0","300","38900","0","0"
"4484","ランサーズ","東証","20230309","日証金","確報","3100","0","18200","0","0","0","18200","3100"
"4485","ＪＴＯＷＥＲ","東証","20230309","日証金","確報","500","500","22100","0","800","4300","17800","800"
"4486","ユナイトアンドグロウ","東証","20230309","日証金","確報","200","0","3300","0","0","0","3300","200"
"4487","スペースマーケット","東証","20230309","日証金","確報","500","100","19300","0","0","0","19300","400"
"4488","ＡＩ　ｉｎｓｉｄｅ","東証","20230309","日証金","確報","600","0","5800","0","0","0","5800","600"
"4489","ペイロール","東証","20230309","日証金","確報","0","3500","2400","0","0","0","2400","-3500"
"4490","ビザスク","東証","20230309","日証金","確報","0","700","9000","0","0","0","9000","-700"
"4491","Ｃマネージメント","東証","20230309","日証金","確報","0","0","1500","0","0","0","1500","0"
"4492","ゼネテック","東証","20230309","日証金","確報","200","0","2100","0","0","0","2100","200"
"4493","サイバーセキュリ","東証","20230309","日証金","確報","0","23200","92300","11500","0","50800","41500","-34700"
"4494","バリオセキュア","東証","20230309","日証金","確報","0","600","1900","0","0","0","1900","-600"
"4495","アイキューブド","東証","20230309","日証金","確報","0","0","1800","0","0","0","1800","0"
"4496","コマースワン","東証","20230309","日証金","確報","0","0","6600","0","0","0","6600","0"
"4498","サイバートラスト","東証","20230309","日証金","確報","300","0","5300","0","0","0","5300","300"
"4499","Ｓｐｅｅｅ","東証","20230309","日証金","確報","0","0","5100","0","0","0","5100","0"
"4502","武田薬品工業","名証","20230309","日証金","確報","0","0","0","0","0","0","0","0"
"4502","武田薬品工業","札証","20230309","日証金","確報","0","0","0","0","0","0","0","0"
"4502","武田薬品工業","東証","20230309","日証金","確報","1300","17200","18800","55300","600","136600","-117800","-70600"
"4502","武田薬品工業","福証","20230309","日証金","確報","0","0","0","0","0","0","0","0"
"4503","アステラス製薬","東証","20230309","日証金","確報","4400","2600","58200","0","8000","0","58200","9800"
"4506","住友ファーマ","東証","20230309","日証金","確報","200","1400","118300","0","0","4300","114000","-1200"
"4507","塩野義製薬","東証","20230309","日証金","確報","1700","5000","205700","0","3400","0","205700","100"
"4512","わかもと製薬","東証","20230309","日証金","確報","0","0","7600","0","0","100","7500","0"
"4516","日本新薬","東証","20230309","日証金","確報","8700","0","23600","300","500","1000","22600","8900"
"4519","中外製薬","東証","20230309","日証金","確報","800","7600","60400","100","200","100","60300","-6700"
"4521","科研製薬","東証","20230309","日証金","確報","0","2100","1500","0","100","1100","400","-2000"
"4523","エーザイ","東証","20230309","日証金","確報","6800","2400","83900","3200","2200","60600","23300","3400"
"4524","森下仁丹","東証","20230309","日証金","確報","100","0","4300","0","0","0","4300","100"
"4526","理研ビタミン","東証","20230309","日証金","確報","200","100","1400","0","500","1700","-300","600"
"4527","ロート製薬","東証","20230309","日証金","確報","0","2500","7900","2000","100","3600","4300","-4400"
"4528","小野薬品工業","東証","20230309","日証金","確報","1100","2100","38700","4000","0","4000","34700","-5000"
"4530","久光製薬","名証","20230309","日証金","確報","0","0","0","0","0","0","0","0"
"4530","久光製薬","東証","20230309","日証金","確報","0","11100","2100","100","0","1600","500","-11200"
"4530","久光製薬","福証","20230309","日証金","確報","0","0","0","0","0","0","0","0"
"4531","有機合成薬品工業","東証","20230309","日証金","確報","4000","200","10300","0","0","300","10000","3800"
"4534","持田製薬","東証","20230309","日証金","確報","0","0","600","1200","0","3000","-2400","-1200"
"4536","参天製薬","東証","20230309","日証金","確報","1600","7000","51400","0","600","2100","49300","-4800"
"4538","扶桑薬品工業","東証","20230309","日証金","確報","0","0","400","0","0","100","300","0"
"4539","日本ケミファ","東証","20230309","日証金","確報","0","400","1500","0","0","0","1500","-400"
"4540","ツムラ","東証","20230309","日証金","確報","100","300","14700","0","0","0","14700","-200"
"4541","日医工","東証","20230309","日証金","確報","0","586800","1135600","0","0","0","1135600","-586800"
"4543","テルモ","東証","20230309","日証金","確報","2100","100","51900","3800","0","4000","47900","-1800"
"4544","ＨＵグループＨＤ","東証","20230309","日証金","確報","0","2000","3600","0","0","100","3500","-2000"
"4547","キッセイ薬品工業","東証","20230309","日証金","確報","0","1700","700","200","100","2500","-1800","-1800"
"4548","生化学工業","東証","20230309","日証金","確報","100","0","5400","0","0","0","5400","100"
"4549","栄研化学","東証","20230309","日証金","確報","0","200","15600","0","0","0","15600","-200"
"4551","鳥居薬品","東証","20230309","日証金","確報","0","200","2200","0","0","300","1900","-200"
"4552","ＪＣＲファーマ","東証","20230309","日証金","確報","600","2300","27200","200","0","300","26900","-1900"
"4553","東和薬品","東証","20230309","日証金","確報","0","600","4800","500","200","900","3900","-900"
"4554","富士製薬工業","東証","20230309","日証金","確報","500","0","26500","100","2900","900","25600","3300"
"4556","カイノス","東証","20230309","日証金","確報","200","0","10100","0","0","0","10100","200"
"4558","中京医薬品","東証","20230309","日証金","確報","300","0","20700","0","0","0","20700","300"
"4559","ゼリア新薬工業","東証","20230309","日証金","確報","0","100","7700","0","200","1100","6600","100"
"4563","アンジェス","東証","20230309","日証金","確報","5400","24800","727500","0","0","0","727500","-19400"
"4564","オンコセラピサイエン","東証","20230309","日証金","確報","4300","8200","1190600","0","1000","0","1190600","-2900"
"4565","そーせいグループ","東証","20230309","日証金","確報","3900","9600","124100","100","3200","2400","121700","-2600"
"4568","第一三共","東証","20230309","日証金","確報","2000","800","30600","11700","600","28200","2400","-9900"
"4569","キョーリン製薬ＨＤ","東証","20230309","日証金","確報","0","0","5400","0","0","2200","3200","0"
"4570","免疫生物研究所","東証","20230309","日証金","確報","3800","0","33100","0","0","0","33100","3800"
"4571","ナノキャリア","東証","20230309","日証金","確報","800","2500","143500","0","0","0","143500","-1700"
"4572","カルナバイオサイエ","東証","20230309","日証金","確報","1000","500","34200","0","0","0","34200","500"
"4574","大幸薬品","東証","20230309","日証金","確報","0","5700","102000","26100","5800","873400","-771400","-26000"
"4575","キャンバス","東証","20230309","日証金","確報","1000","10500","111100","0","0","0","111100","-9500"
"4576","デウエスタンセラピテ","東証","20230309","日証金","確報","300","600","92200","0","0","0","92200","-300"
"4577","ダイト","東証","20230309","日証金","確報","0","0","200","0","0","0","200","0"
"4578","大塚ホールディングス","東証","20230309","日証金","確報","1100","2600","52600","0","0","300","52300","-1500"
"4579","ラクオリア創薬","東証","20230309","日証金","確報","3000","500","39000","0","0","0","39000","2500"
"4581","大正製薬ＨＤ","東証","20230309","日証金","確報","100","2100","17900","2200","0","3200","14700","-4200"
"4582","シンバイオ製薬","東証","20230309","日証金","確報","400","1400","119400","0","0","0","119400","-1000"
"4583","カイオムバイオサイエ","東証","20230309","日証金","確報","300","3200","176100","0","0","0","176100","-2900"
"4584","キッズウェル・バイオ","東証","20230309","日証金","確報","200","600","54900","0","0","0","54900","-400"
"4586","メドレックス","東証","20230309","日証金","確報","3700","10800","143700","0","0","0","143700","-7100"
"4587","ペプチドリーム","東証","20230309","日証金","確報","0","4000","89100","0","2900","3000","86100","-1100"
"4588","オンコリスバイオ","東証","20230309","日証金","確報","0","500","33100","0","0","0","33100","-500"
"4591","リボミック","東証","20230309","日証金","確報","5600","14500","419600","0","0","0","419600","-8900"
"4592","サンバイオ","東証","20230309","日証金","確報","100","10200","114200","0","0","0","114200","-10100"
"4593","ヘリオス","東証","20230309","日証金","確報","37800","27200","379900","0","101100","100500","279400","111700"
"4594","ブライトパス・バイオ","東証","20230309","日証金","確報","900","4800","614500","0","0","0","614500","-3900"
"4595","ミズホメディー","東証","20230309","日証金","確報","500","200","14200","0","0","0","14200","300"
"4596","窪田製薬ＨＤ","東証","20230309","日証金","確報","5100","0","166000","0","0","0","166000","5100"
"4597","ソレイジア・ファーマ","東証","20230309","日証金","確報","23700","100","781800","0","1000","2200","779600","24600"
"4598","ＤＥＬＴＡ－Ｐ","東証","20230309","日証金","確報","12200","200","64900","0","0","0","64900","12000"
"4599","ステムリム","東証","20230309","日証金","確報","100","8700","54600","0","0","0","54600","-8600"
"4611","大日本塗料","東証","20230309","日証金","確報","2800","800","7600","100","2400","3300","4300","4300"
"4612","日本ペイントＨＤ","東証","20230309","日証金","確報","22400","0","46800","1800","1800","16900","29900","22400"
"4613","関西ペイント","東証","20230309","日証金","確報","700","64900","20200","2573200","203300","9120700","-9100500","-2434100"
"4615","神東塗料","東証","20230309","日証金","確報","0","1500","17500","0","0","0","17500","-1500"
"4616","川上塗料","東証","20230309","日証金","確報","0","0","49700","0","0","0","49700","0"
"4617","中国塗料","東証","20230309","日証金","確報","0","800","6100","600","0","29800","-23700","-1400"
"4619","日本特殊塗料","東証","20230309","日証金","確報","0","0","2000","0","0","0","2000","0"
"4620","藤倉化成","東証","20230309","日証金","確報","200","0","15800","0","0","2000","13800","200"
"4621","ロックペイント","東証","20230309","日証金","確報","0","0","200","0","0","0","200","0"
"4623","アサヒペン","東証","20230309","日証金","確報","0","0","0","0","0","0","0","0"
"4624","イサム塗料","東証","20230309","日証金","確報","100","0","300","0","0","0","300","100"
"4625","アトミクス","東証","20230309","日証金","確報","0","0","100","0","0","0","100","0"
"4626","太陽ホールディングス","東証","20230309","日証金","確報","0","300","4000","400","0","800","3200","-700"
"4627","ナトコ","東証","20230309","日証金","確報","0","0","0","0","0","0","0","0"
"4628","エスケー化研","東証","20230309","日証金","確報","0","0","0","0","0","0","0","0"
"4629","大伸化学","東証","20230309","日証金","確報","500","0","700","0","0","0","700","500"
"4631","ＤＩＣ","東証","20230309","日証金","確報","100","400","14400","0","100","0","14400","-200"
"4633","サカタインクス","東証","20230309","日証金","確報","100","200","1800","0","100","200","1600","0"
"4634","東洋インキＳＣ　ＨＤ","東証","20230309","日証金","確報","700","0","7000","500","0","4800","2200","200"
"4635","東京インキ","東証","20230309","日証金","確報","0","300","300","0","0","0","300","-300"
"4636","Ｔ＆Ｋ　ＴＯＫＡ","東証","20230309","日証金","確報","2200","100","97600","200","0","3800","93800","1900"
"4641","アルプス技研","東証","20230309","日証金","確報","0","800","2000","600","0","4300","-2300","-1400"
"4642","オリジナル設計","東証","20230309","日証金","確報","0","0","500","0","0","0","500","0"
"4644","イマジニア","東証","20230309","日証金","確報","0","0","137700","100","0","66000","71700","-100"
"4645","市進ホールディングス","東証","20230309","日証金","確報","0","0","0","0","0","0","0","0"
"4650","ＳＤエンター","東証","20230309","日証金","確報","0","100","4500","0","0","0","4500","-100"
"4651","サニックス","東証","20230309","日証金","確報","52100","2700","80900","900","1000","15300","65600","49500"
"4651","サニックス","福証","20230309","日証金","確報","0","0","0","0","0","0","0","0"
"4657","環境管理センター","東証","20230309","日証金","確報","100","0","6700","0","0","0","6700","100"
"4658","日本空調サービス","名証","20230309","日証金","確報","0","0","0","0","0","0","0","0"
"4658","日本空調サービス","東証","20230309","日証金","確報","200","200","2600","0","0","2600","0","0"
"4659","エイジス","東証","20230309","日証金","確報","0","0","24400","0","0","0","24400","0"
"4661","オリエンタルランド","東証","20230309","日証金","確報","1000","5100","21600","76100","100","121300","-99700","-80100"
"4662","フォーカスシステムズ","東証","20230309","日証金","確報","0","0","7200","0","0","0","7200","0"
"4664","アール・エス・シー","東証","20230309","日証金","確報","0","600","8100","0","0","0","8100","-600"
"4665","ダスキン","東証","20230309","日証金","確報","0","200","1100","2900","200","29600","-28500","-2900"
"4666","パーク二四","東証","20230309","日証金","確報","2300","100","26100","0","0","0","26100","2200"
"4667","アイサンテクノロジー","東証","20230309","日証金","確報","400","200","5200","0","0","0","5200","200"
"4668","明光ネットワクジャパ","東証","20230309","日証金","確報","100","500","1100","5000","1100","6100","-5000","-4300"
"4671","ファルコＨＤ","東証","20230309","日証金","確報","0","100","13400","400","0","2900","10500","-500"
"4673","川崎地質","東証","20230309","日証金","確報","0","0","400","0","0","0","400","0"
"4674","クレスコ","東証","20230309","日証金","確報","1400","0","6700","0","0","0","6700","1400"
"4676","フジ・メディア・ＨＤ","東証","20230309","日証金","確報","29900","6600","52700","7500","100","8400","44300","15900"
"4678","秀英予備校","東証","20230309","日証金","確報","1000","0","1800","0","0","29500","-27700","1000"
"4679","田谷","東証","20230309","日証金","確報","0","0","3100","0","0","0","3100","0"
"4680","ラウンドワン","東証","20230309","日証金","確報","62300","1500","1594300","0","0","0","1594300","60800"
"4681","リゾートトラスト","名証","20230309","日証金","確報","0","0","0","0","0","0","0","0"
"4681","リゾートトラスト","東証","20230309","日証金","確報","6700","1000","40700","0","0","0","40700","5700"
"4684","オービック","東証","20230309","日証金","確報","0","300","2300","0","0","0","2300","-300"
"4685","菱友システムズ","東証","20230309","日証金","確報","0","0","0","0","0","0","0","0"
"4686","ジャストシステム","東証","20230309","日証金","確報","200","200","2900","0","0","1900","1000","0"
"4687","ＴＤＣソフト","東証","20230309","日証金","確報","200","100","6200","0","100","1000","5200","200"
"4689","Ｚホールディングス","東証","20230309","日証金","確報","10000","48100","825700","0","69500","26000","799700","31400"
"4690","日本パレットプール","東証","20230309","日証金","確報","100","100","3800","0","0","0","3800","0"
"4691","ワシントンホテル","名証","20230309","日証金","確報","0","0","0","0","0","0","0","0"
"4691","ワシントンホテル","東証","20230309","日証金","確報","500","0","10500","0","0","0","10500","500"
"4694","ビー・エム・エル","東証","20230309","日証金","確報","100","0","4500","0","0","400","4100","100"
"4704","トレンドマイクロ","東証","20230309","日証金","確報","0","700","15100","100","300","2400","12700","-500"
"4705","クリップコーポ","東証","20230309","日証金","確報","400","600","600","0","0","0","600","-200"
"4707","キタック","東証","20230309","日証金","確報","300","0","32000","0","0","0","32000","300"
"4708","りらいあ","東証","20230309","日証金","確報","15500","0","19200","0","0","0","19200","15500"
"4709","ＩＤホールディングス","東証","20230309","日証金","確報","100","0","4800","0","0","300","4500","100"
"4712","ＫｅｙＨｏｌｄｅｒ","東証","20230309","日証金","確報","2600","10100","24300","0","0","8500","15800","-7500"
"4714","リソー教育","東証","20230309","日証金","確報","0","53800","39700","2500","900","24600","15100","-55400"
"4716","日本オラクル","東証","20230309","日証金","確報","0","100","1900","300","100","1900","0","-300"
"4718","早稲田アカデミー","東証","20230309","日証金","確報","0","0","2600","0","0","2600","0","0"
"4719","アルファシステムズ","東証","20230309","日証金","確報","0","0","300","0","0","400","-100","0"
"4720","城南進学研究社","東証","20230309","日証金","確報","0","0","900","0","0","0","900","0"
"4722","フューチャー","東証","20230309","日証金","確報","2500","3900","18600","4100","0","40300","-21700","-5500"
"4725","ＣＡＣＨＤ","東証","20230309","日証金","確報","0","0","2300","400","0","600","1700","-400"
"4726","ＳＢテクノロジー","東証","20230309","日証金","確報","0","0","3000","0","0","0","3000","0"
"4728","トーセ","東証","20230309","日証金","確報","0","0","2600","0","0","0","2600","0"
"4732","ユー・エス・エス","名証","20230309","日証金","確報","0","0","0","0","0","0","0","0"
"4732","ユー・エス・エス","東証","20230309","日証金","確報","1200","12700","2500","300","20700","2500","0","8900"
"4733","オービックＢＣ","東証","20230309","日証金","確報","700","0","1900","0","0","0","1900","700"
"4735","京進","東証","20230309","日証金","確報","0","1100","1700","0","0","0","1700","-1100"
"4736","日本ラッド","東証","20230309","日証金","確報","0","0","10100","0","0","0","10100","0"
"4739","伊藤忠テクノソリュシ","東証","20230309","日証金","確報","800","0","20500","0","900","1700","18800","1700"
"4743","アイティフォー","東証","20230309","日証金","確報","0","0","142500","0","0","1200","141300","0"
"4745","東京個別指導学院","東証","20230309","日証金","確報","300","1000","37900","2700","100","176000","-138100","-3300"
"4746","東計電算","東証","20230309","日証金","確報","0","100","300","100","100","200","100","-100"
"4748","構造計画研究所","東証","20230309","日証金","確報","0","0","800","0","0","0","800","0"
"4750","ダイサン","東証","20230309","日証金","確報","0","0","900","0","0","400","500","0"
"4751","サイバーエージェント","東証","20230309","日証金","確報","1700","1300","193700","0","0","23100","170600","400"
"4752","昭和システム","東証","20230309","日証金","確報","0","0","1400","0","0","0","1400","0"
"4754","トスネット","東証","20230309","日証金","確報","0","0","500","0","0","0","500","0"
"4755","楽天グループ","東証","20230309","日証金","確報","41500","388300","1552700","318100","500","3146100","-1593400","-664400"
"4760","アルファ","東証","20230309","日証金","確報","0","0","800","0","0","0","800","0"
"4761","さくらケーシーエス","東証","20230309","日証金","確報","0","0","400","0","0","0","400","0"
"4762","エックスネット","東証","20230309","日証金","確報","0","0","200","0","0","0","200","0"
"4763","クリーク＆リバー社","東証","20230309","日証金","確報","300","0","6100","0","0","0","6100","300"
"4765","モーニングスター","東証","20230309","日証金","確報","1000","100","49100","0","0","4200","44900","900"
"4766","ピーエイ","東証","20230309","日証金","確報","0","1200","15500","0","0","0","15500","-1200"
"4767","テーオーダブリュー","東証","20230309","日証金","確報","1200","1400","21500","0","0","0","21500","-200"
"4768","大塚商会","東証","20230309","日証金","確報","0","1000","5400","300","100","22900","-17500","-1200"
"4769","ＩＣ","東証","20230309","日証金","確報","0","0","400","0","0","300","100","0"
"4770","図研エルミック","東証","20230309","日証金","確報","10500","700","65500","0","0","0","65500","9800"
"4771","エフアンドエム","東証","20230309","日証金","確報","200","100","3900","100","0","3900","0","0"
"4772","ストリームメディ","東証","20230309","日証金","確報","6300","12500","75800","0","0","0","75800","-6200"
"4776","サイボウズ","東証","20230309","日証金","確報","800","20200","29400","7200","102400","1090100","-1060700","75800"
"4777","ガーラ","東証","20230309","日証金","確報","4100","1400","63200","0","0","0","63200","2700"
"4781","日本ハウズイング","東証","20230309","日証金","確報","0","0","200","0","0","0","200","0"
"4783","日本コンピュータＤ","東証","20230309","日証金","確報","0","0","12600","400","0","2800","9800","-400"
"4784","ＧＭＯアドパートナー","東証","20230309","日証金","確報","200","0","20400","0","0","0","20400","200"
"4792","山田コンサルティング","東証","20230309","日証金","確報","1200","2900","18000","1400","1600","32400","-14400","-1500"
"4800","オリコン","東証","20230309","日証金","確報","100","0","3400","0","0","0","3400","100"
"4801","セントラルスポーツ","東証","20230309","日証金","確報","0","0","600","0","0","0","600","0"
"4809","パラカ","東証","20230309","日証金","確報","0","0","800","0","0","0","800","0"
"4812","電通国際情報サービス","東証","20230309","日証金","確報","0","0","400","500","600","9300","-8900","100"
"4813","ＡＣＣＥＳＳ","東証","20230309","日証金","確報","0","0","4900","5600","500","16700","-11800","-5100"
"4814","ネクストウェア","東証","20230309","日証金","確報","500","69300","450200","0","0","0","450200","-68800"
"4816","東映アニメーション","東証","20230309","日証金","確報","0","400","4600","0","0","700","3900","-400"
"4819","デジタルガレージ","東証","20230309","日証金","確報","0","500","4900","300","1400","17700","-12800","600"
"4820","イーエムシステムズ","東証","20230309","日証金","確報","0","900","2200","0","1200","1300","900","300"
"4824","メディアシーク","東証","20230309","日証金","確報","500","0","20000","0","0","0","20000","500"
"4825","ウェザーニューズ","東証","20230309","日証金","確報","100","400","3800","1000","0","3300","500","-1300"
"4826","シー・アイ・ジェイ","東証","20230309","日証金","確報","0","1600","6900","500","1700","11000","-4100","-400"
"4827","ビジネス・ワンＨＤ","福証","20230309","日証金","確報","0","0","400","0","0","0","400","0"
"4828","ビーエンジ","東証","20230309","日証金","確報","500","100","2400","400","0","2400","0","0"
"4829","日本エンタープライズ","東証","20230309","日証金","確報","4900","9300","26000","0","4400","26000","0","0"
"4832","ＪＦＥシステムズ","東証","20230309","日証金","確報","0","0","1500","0","0","0","1500","0"
"4833","サクセスＨ","東証","20230309","日証金","確報","0","300","27200","0","0","0","27200","-300"
"4834","キャリアバンク","札証","20230309","日証金","確報","0","0","0","0","0","0","0","0"
"4837","シダックス","東証","20230309","日証金","確報","6900","500","74400","0","0","0","74400","6400"
"4838","スペースシャワー","東証","20230309","日証金","確報","0","0","1000","0","0","0","1000","0"
"4839","ワウワウ","東証","20230309","日証金","確報","200","1200","19600","800","0","27900","-8300","-1800"
"4840","トライアイズ","東証","20230309","日証金","確報","0","1100","1500","0","0","0","1500","-1100"
"4845","スカラ","東証","20230309","日証金","確報","1100","0","4400","400","0","2000","2400","700"
"4847","インテリジェントウェ","東証","20230309","日証金","確報","5000","0","40000","0","0","1700","38300","5000"
"4848","フルキャストＨＤ","東証","20230309","日証金","確報","0","400","2300","900","100","2100","200","-1200"
"4849","エン・ジャパン","東証","20230309","日証金","確報","0","1600","7800","600","0","2700","5100","-2200"
"4875","メディシノバ・インク","東証","20230309","日証金","確報","0","0","108400","0","0","0","108400","0"
"4880","セルソース","東証","20230309","日証金","確報","2100","0","65800","0","0","0","65800","2100"
"4881","ファンペップ","東証","20230309","日証金","確報","1600","0","93900","0","0","0","93900","1600"
"4882","ペルセウス","東証","20230309","日証金","確報","1700","300","26900","0","0","0","26900","1400"
"4883","モダリス","東証","20230309","日証金","確報","0","400","26200","0","0","0","26200","-400"
"4884","クリングルファーマ","東証","20230309","日証金","確報","1000","900","30100","0","0","0","30100","100"
"4885","室町ケミカル","東証","20230309","日証金","確報","0","2000","5800","0","0","100","5700","-2000"
"4886","あすか製薬ＨＤ","東証","20230309","日証金","確報","0","100","43800","0","0","0","43800","-100"
"4887","サワイグループＨＤ","東証","20230309","日証金","確報","200","2900","4300","0","0","900","3400","-2700"
"4888","ステラファーマ","東証","20230309","日証金","確報","8200","0","42100","0","0","0","42100","8200"
"4889","レナサイエンス","東証","20230309","日証金","確報","800","2500","28700","0","0","0","28700","-1700"
"4890","坪田ラボ","東証","20230309","日証金","確報","100","4700","82800","0","0","0","82800","-4600"
"4891","ティムス","東証","20230309","日証金","確報","1300","100","54400","0","0","0","54400","1200"
"4892","サイフューズ","東証","20230309","日証金","確報","6200","13800","68600","0","0","0","68600","-7600"
"4901","富士フイルムＨＤ","東証","20230309","日証金","確報","1500","2800","75000","0","0","0","75000","-1300"
"4902","コニカミノルタ","東証","20230309","日証金","確報","17800","0","129700","2400","115600","240800","-111100","131000"
"4911","資生堂","東証","20230309","日証金","確報","9300","6100","47100","900","2700","42100","5000","5000"
"4912","ライオン","東証","20230309","日証金","確報","0","3600","8900","600","0","1000","7900","-4200"
"4914","高砂香料工業","東証","20230309","日証金","確報","700","100","2200","0","0","1100","1100","600"
"4917","マンダム","東証","20230309","日証金","確報","2600","400","8400","200","0","200","8200","2000"
"4918","アイビー化粧品","東証","20230309","日証金","確報","0","0","4700","0","0","0","4700","0"
"4919","ミルボン","東証","20230309","日証金","確報","0","100","900","0","100","900","0","0"
"4920","日本色材工業研究所","東証","20230309","日証金","確報","0","100","0","0","0","0","0","-100"
"4921","ファンケル","東証","20230309","日証金","確報","300","200","6300","0","400","300","6000","500"
"4922","コーセー","東証","20230309","日証金","確報","200","100","800","600","5300","42700","-41900","4800"
"4923","コタ","東証","20230309","日証金","確報","0","1000","7200","0","2000","700","6500","1000"
"4925","ハーバー研究所","東証","20230309","日証金","確報","0","0","700","0","0","0","700","0"
"4926","シーボン","東証","20230309","日証金","確報","0","0","400","0","0","0","400","0"
"4927","ポーラオルビスＨＤ","東証","20230309","日証金","確報","0","3100","12000","0","0","0","12000","-3100"
"4928","ノエビアＨＤ","東証","20230309","日証金","確報","0","100","600","200","200","3100","-2500","-100"
"4929","アジュバンＨＤ","東証","20230309","日証金","確報","300","0","1300","1300","0","24500","-23200","-1000"
"4930","グラフィコ","東証","20230309","日証金","確報","0","0","400","0","0","0","400","0"
"4931","新日本製薬","東証","20230309","日証金","確報","0","200","1100","0","0","0","1100","-200"
"4932","アルマード","東証","20230309","日証金","確報","1900","0","43100","0","0","0","43100","1900"
"4933","Ｉ－ｎｅ","東証","20230309","日証金","確報","600","0","6600","0","0","0","6600","600"
"4934","Ｐアンチエイジ","東証","20230309","日証金","確報","48000","48100","225700","0","100","225700","0","0"
"4935","リベルタ","東証","20230309","日証金","確報","400","0","4800","0","0","0","4800","400"
"4936","アクシージア","東証","20230309","日証金","確報","5600","4600","37000","0","100","19500","17500","1100"
"4937","Ｗａｑｏｏ","東証","20230309","日証金","確報","0","300","7600","0","0","0","7600","-300"
"4951","エステー","東証","20230309","日証金","確報","0","400","800","0","100","500","300","-300"
"4955","アグロ　カネショウ","東証","20230309","日証金","確報","200","4700","300","600","0","1900","-1600","-5100"
"4956","コニシ","東証","20230309","日証金","確報","0","0","1100","0","300","1500","-400","300"
"4957","ヤスハラケミカル","東証","20230309","日証金","確報","0","0","3100","0","0","0","3100","0"
"4958","長谷川香料","東証","20230309","日証金","確報","200","1100","700","200","0","700","0","-1100"
"4960","ケミプロ化成","東証","20230309","日証金","確報","0","100","7100","0","0","0","7100","-100"
"4963","星光ＰＭＣ","東証","20230309","日証金","確報","0","0","14600","0","0","0","14600","0"
"4966","上村工業","東証","20230309","日証金","確報","0","0","300","0","0","0","300","0"
"4967","小林製薬","東証","20230309","日証金","確報","100","800","16300","500","0","5600","10700","-1200"
"4968","荒川化学工業","東証","20230309","日証金","確報","0","0","3600","200","0","4600","-1000","-200"
"4970","東洋合成工業","東証","20230309","日証金","確報","100","100","4700","0","0","0","4700","0"
"4971","メック","東証","20230309","日証金","確報","200","0","13700","0","700","1400","12300","900"
"4972","綜研化学","東証","20230309","日証金","確報","0","0","700","0","0","0","700","0"
"4973","日本高純度化学","東証","20230309","日証金","確報","0","200","300","0","0","0","300","-200"
"4974","タカラバイオ","東証","20230309","日証金","確報","200","500","19600","0","0","0","19600","-300"
"4975","ＪＣＵ","東証","20230309","日証金","確報","400","0","2100","100","0","1600","500","300"
"4976","東洋ドライルーブ","東証","20230309","日証金","確報","0","0","300","0","0","0","300","0"
"4977","新田ゼラチン","東証","20230309","日証金","確報","1300","100","40700","0","100","0","40700","1300"
"4978","リプロセル","東証","20230309","日証金","確報","0","3800","169500","0","0","0","169500","-3800"
"4979","ＯＡＴアグリオ","東証","20230309","日証金","確報","200","400","27400","0","0","0","27400","-200"
"4980","デクセリアルズ","東証","20230309","日証金","確報","1800","300","50200","0","0","800","49400","1500"
"4985","アース製薬","東証","20230309","日証金","確報","100","100","5700","0","500","100","5600","500"
"4987","寺岡製作所","東証","20230309","日証金","確報","0","100","6800","0","0","0","6800","-100"
"4990","昭和化学工業","東証","20230309","日証金","確報","2200","0","4400","0","0","0","4400","2200"
"4992","北興化学工業","東証","20230309","日証金","確報","0","800","7300","100","0","100","7200","-900"
"4994","大成ラミック","東証","20230309","日証金","確報","0","0","0","200","100","400","-400","-100"
"4995","サンケイ化学","福証","20230309","日証金","確報","0","0","0","0","0","0","0","0"
"4996","クミアイ化学工業","東証","20230309","日証金","確報","28700","3400","86600","0","0","1000","85600","25300"
"4997","日本農薬","東証","20230309","日証金","確報","3000","4100","138700","0","0","131400","7300","-1100"
"4998","フマキラー","東証","20230309","日証金","確報","0","0","5900","500","0","700","5200","-500"
"5009","富士興産","東証","20230309","日証金","確報","200","100","7400","0","300","600","6800","400"
"5010","日本精蝋","東証","20230309","日証金","確報","0","100","39600","0","0","0","39600","-100"
"5011","ニチレキ","東証","20230309","日証金","確報","0","900","22700","0","0","600","22100","-900"
"5013","ユシロ化学工業","東証","20230309","日証金","確報","0","200","17400","0","0","100","17300","-200"
"5015","ビーピーカストロール","東証","20230309","日証金","確報","0","0","3700","0","0","0","3700","0"
"5017","富士石油","東証","20230309","日証金","確報","4500","0","184600","0","0","0","184600","4500"
"5018","ＭＯＲＥＳＣＯ","東証","20230309","日証金","確報","700","0","2700","0","800","3900","-1200","1500"
"5019","出光興産","東証","20230309","日証金","確報","3200","600","136300","0","0","4900","131400","2600"
"5020","ＥＮＥＯＳ","名証","20230309","日証金","確報","0","0","0","0","0","0","0","0"
"5020","ＥＮＥＯＳ","東証","20230309","日証金","確報","125800","67800","555800","0","0","18000","537800","58000"
"5021","コスモエネルギーＨＤ","東証","20230309","日証金","確報","600","1100","42900","0","700","1100","41800","200"
"5025","マーキュリーＲＩ","東証","20230309","日証金","確報","500","3900","3800","0","0","0","3800","-3400"
"5026","トリプルアイズ","東証","20230309","日証金","確報","300","1400","15100","0","0","0","15100","-1100"
"5028","セカンドサイト","東証","20230309","日証金","確報","4500","500","24900","0","0","0","24900","4000"
"5029","サークレイス","東証","20230309","日証金","確報","200","700","4700","0","0","0","4700","-500"
"5031","モイ","東証","20230309","日証金","確報","600","0","41300","0","0","0","41300","600"
"5032","ＡＮＹＣＯＬＯＲ","東証","20230309","日証金","確報","10300","8300","156300","0","0","0","156300","2000"
"5033","ヌーラボ","東証","20230309","日証金","確報","0","0","3800","100","0","500","3300","-100"
"5034","ｕｎｅｒｒｙ","東証","20230309","日証金","確報","900","0","14900","0","0","0","14900","900"
"5035","ＨＯＵＳＥＩ","東証","20230309","日証金","確報","0","6000","62300","0","0","0","62300","-6000"
"5036","日本ビジネスシステム","東証","20230309","日証金","確報","0","200","1700","0","0","0","1700","-200"
"5038","ｅＷｅＬＬ","東証","20230309","日証金","確報","1300","0","10200","0","0","0","10200","1300"
"5039","キットアライブ","札証","20230309","日証金","確報","0","0","2300","0","0","0","2300","0"
"5070","ドラフト","東証","20230309","日証金","確報","0","0","6600","0","0","0","6600","0"
"5071","ヴィス","東証","20230309","日証金","確報","11700","1500","24000","3500","5700","5900","18100","12400"
"5074","テスホールディングス","東証","20230309","日証金","確報","200","2000","21300","0","0","0","21300","-1800"
"5075","アップコン","名証","20230309","日証金","確報","0","0","400","0","0","0","400","0"
"5076","インフロニアＨＤ","東証","20230309","日証金","確報","0","4600","7000","2100","0","5500","1500","-6700"
"5078","セレコーポレーション","東証","20230309","日証金","確報","0","0","2600","0","0","0","2600","0"
"5079","ノバック","東証","20230309","日証金","確報","0","0","0","0","0","0","0","0"
"5101","横浜ゴム","東証","20230309","日証金","確報","0","0","1400","2200","5800","280700","-279300","3600"
"5103","昭和ホールディングス","東証","20230309","日証金","確報","0","0","16500","0","0","0","16500","0"
"5104","日東化工","東証","20230309","日証金","確報","800","0","11400","0","0","0","11400","800"
"5105","ＴＯＹＯ　ＴＩＲＥ","東証","20230309","日証金","確報","0","2400","27700","0","700","27500","200","-1700"
"5108","ブリヂストン","東証","20230309","日証金","確報","4500","800","9700","39800","22100","146900","-137200","-14000"
"5108","ブリヂストン","福証","20230309","日証金","確報","0","0","0","0","0","0","0","0"
"5110","住友ゴム工業","東証","20230309","日証金","確報","7100","200","49600","7100","200","49600","0","0"
"5121","藤倉コンポジット","東証","20230309","日証金","確報","1300","0","65700","100","100","16300","49400","1300"
"5122","オカモト","東証","20230309","日証金","確報","0","300","100","2100","0","4400","-4300","-2400"
"5125","ファインズ","東証","20230309","日証金","確報","1100","0","27800","0","0","0","27800","1100"
"5126","ポーターズ","東証","20230309","日証金","確報","300","0","8800","0","0","0","8800","300"
"5127","グッピーズ","東証","20230309","日証金","確報","0","2600","14200","0","0","0","14200","-2600"
"5128","ワオワールドＧ","東証","20230309","日証金","確報","200","100","6300","0","0","0","6300","100"
"5129","ＦＩＸＥＲ","東証","20230309","日証金","確報","1000","22900","65500","0","0","0","65500","-21900"
"5131","リンカーズ","東証","20230309","日証金","確報","1600","0","114400","0","0","0","114400","1600"
"5132","ｐｌｕｓｚｅｒｏ","東証","20230309","日証金","確報","200","1400","18300","0","0","0","18300","-1200"
"5133","テリロジーＨＤ","東証","20230309","日証金","確報","300","1000","5100","0","0","0","5100","-700"
"5134","ＰＯＰＥＲ","東証","20230309","日証金","確報","400","300","23700","0","0","0","23700","100"
"5136","ｔｒｉｐｌａ","東証","20230309","日証金","確報","1500","1000","48300","0","0","0","48300","500"
"5137","スマートドライブ","東証","20230309","日証金","確報","200","5800","22500","0","0","0","22500","-5600"
"5138","Ｒｅｂａｓｅ","東証","20230309","日証金","確報","1100","1500","14200","0","0","0","14200","-400"
"5139","オープンワーク","東証","20230309","日証金","確報","500","200","5300","0","0","0","5300","300"
"5142","アキレス","東証","20230309","日証金","確報","700","0","13600","0","0","1000","12600","700"
"5161","西川ゴム工業","東証","20230309","日証金","確報","100","0","2700","0","0","0","2700","100"
"5162","朝日ラバー","東証","20230309","日証金","確報","0","0","5200","0","100","0","5200","100"
"5184","ニチリン","東証","20230309","日証金","確報","400","0","3800","0","600","1100","2700","1000"
"5185","フコク","東証","20230309","日証金","確報","0","100","5700","100","0","100","5600","-200"
"5186","ニッタ","東証","20230309","日証金","確報","0","100","2100","0","100","2100","0","0"
"5187","クリエートメディック","東証","20230309","日証金","確報","0","100","2200","0","0","0","2200","-100"
"5189","櫻護謨","東証","20230309","日証金","確報","0","0","1300","0","0","0","1300","0"
"5191","住友理工","名証","20230309","日証金","確報","0","0","0","0","0","0","0","0"
"5191","住友理工","東証","20230309","日証金","確報","200","3200","3800","0","6000","800","3000","3000"
"5192","三ツ星ベルト","東証","20230309","日証金","確報","8800","2700","17300","0","1200","15100","2200","7300"
"5194","相模ゴム工業","東証","20230309","日証金","確報","0","200","17800","0","0","0","17800","-200"
"5195","バンドー化学","東証","20230309","日証金","確報","200","1100","3800","0","0","600","3200","-900"
"5199","不二ラテックス","東証","20230309","日証金","確報","200","0","1100","0","0","0","1100","200"
"5201","ＡＧＣ","東証","20230309","日証金","確報","1600","2100","57300","0","3100","49800","7500","2600"
"5202","日本板硝子","東証","20230309","日証金","確報","73800","10000","228500","2800","31500","332900","-104400","92500"
"5204","石塚硝子","名証","20230309","日証金","確報","0","0","0","0","0","0","0","0"
"5204","石塚硝子","東証","20230309","日証金","確報","8900","1100","10300","600","200","2900","7400","7400"
"5208","有沢製作所","東証","20230309","日証金","確報","1000","900","20300","0","0","8200","12100","100"
"5210","日本山村硝子","東証","20230309","日証金","確報","100","100","28000","0","1400","3000","25000","1400"
"5212","不二硝子","東証","20230309","日証金","確報","0","0","1200","0","0","0","1200","0"
"5214","日本電気硝子","東証","20230309","日証金","確報","13200","1100","25600","700","1500","10100","15500","12900"
"5216","倉元製作所","東証","20230309","日証金","確報","0","0","37300","0","0","0","37300","0"
"5217","テクノクオーツ","東証","20230309","日証金","確報","200","600","5300","0","0","0","5300","-400"
"5218","オハラ","東証","20230309","日証金","確報","0","3000","20400","0","0","1400","19000","-3000"
"5232","住友大阪セメント","東証","20230309","日証金","確報","4200","900","11000","5900","8500","54700","-43700","5900"
"5233","太平洋セメント","東証","20230309","日証金","確報","0","0","65400","1600","4300","40600","24800","2700"
"5233","太平洋セメント","福証","20230309","日証金","確報","0","0","0","0","0","0","0","0"
"5237","ノザワ","東証","20230309","日証金","確報","0","0","8400","0","0","5100","3300","0"
"5240","ｍｏｎｏＡＩ","東証","20230309","日証金","確報","11000","14000","153500","0","0","0","153500","-3000"
"5242","アイズ","東証","20230309","日証金","確報","0","0","9200","0","0","0","9200","0"
"5243","ｎｏｔｅ","東証","20230309","日証金","確報","11300","16100","187700","0","0","0","187700","-4800"
"5244","ｊｉｇ．ｊｐ","東証","20230309","日証金","確報","1300","1800","72300","0","0","0","72300","-500"
"5246","ＥＬＥＭＥＮＴＳ","東証","20230309","日証金","確報","3500","8800","127200","0","0","0","127200","-5300"
"5247","ＢＴＭ","東証","20230309","日証金","確報","11400","2000","48200","0","0","0","48200","9400"
"5248","テクノロジーズ","東証","20230309","日証金","確報","1000","9900","51800","0","0","0","51800","-8900"
"5250","プライムストラテジー","東証","20230309","日証金","確報","1000","7600","32500","0","0","0","32500","-6600"
"5261","リソルＨＤ","東証","20230309","日証金","確報","0","0","500","0","0","0","500","0"
"5262","日本ヒューム","東証","20230309","日証金","確報","0","1800","4600","0","0","900","3700","-1800"
"5268","旭コンクリート工業","東証","20230309","日証金","確報","100","0","300","0","0","0","300","100"
"5269","日本コンクリート工業","東証","20230309","日証金","確報","500","4000","45900","100","0","200","45700","-3600"
"5271","トーヨーアサノ","東証","20230309","日証金","確報","0","0","100","0","0","0","100","0"
"5273","三谷セキサン","東証","20230309","日証金","確報","100","100","200","100","0","2700","-2500","-100"
"5277","スパンクリート","東証","20230309","日証金","確報","300","0","3300","0","0","0","3300","300"
"5279","日本興業","東証","20230309","日証金","確報","0","0","100","0","0","0","100","0"
"5280","ヨシコン","東証","20230309","日証金","確報","0","0","5400","0","0","0","5400","0"
"5282","ジオスター","東証","20230309","日証金","確報","200","0","6700","0","0","0","6700","200"
"5283","高見澤","東証","20230309","日証金","確報","0","0","500","0","0","0","500","0"
"5284","ヤマウＨＤ","東証","20230309","日証金","確報","0","200","3300","0","0","0","3300","-200"
"5285","ヤマックス","東証","20230309","日証金","確報","0","0","33300","0","0","0","33300","0"
"5287","イトーヨーギョー","東証","20230309","日証金","確報","0","200","2200","0","0","0","2200","-200"
"5288","アジアパイルＨＤ","東証","20230309","日証金","確報","200","700","23100","0","0","0","23100","-500"
"5290","ベルテクス","東証","20230309","日証金","確報","0","500","1900","0","0","0","1900","-500"
"5301","東海カーボン","東証","20230309","日証金","確報","3600","14400","91500","0","3100","39700","51800","-7700"
"5302","日本カーボン","東証","20230309","日証金","確報","0","0","8000","0","0","400","7600","0"
"5304","ＳＥＣカーボン","東証","20230309","日証金","確報","0","600","6100","0","0","0","6100","-600"
"5310","東洋炭素","東証","20230309","日証金","確報","0","2800","22800","1000","1000","1800","21000","-2800"
"5331","ノリタケ","名証","20230309","日証金","確報","0","0","0","0","0","0","0","0"
"5331","ノリタケ","東証","20230309","日証金","確報","0","1600","4400","0","100","1700","2700","-1500"
"5332","ＴＯＴＯ","名証","20230309","日証金","確報","0","0","0","0","0","0","0","0"
"5332","ＴＯＴＯ","東証","20230309","日証金","確報","200","1200","13900","0","200","600","13300","-800"
"5332","ＴＯＴＯ","福証","20230309","日証金","確報","0","0","0","0","0","0","0","0"
"5333","日本碍子","名証","20230309","日証金","確報","0","0","0","0","0","0","0","0"
"5333","日本碍子","東証","20230309","日証金","確報","200","800","16900","500","1500","5900","11000","400"
"5334","日本特殊陶業","名証","20230309","日証金","確報","0","0","0","0","0","0","0","0"
"5334","日本特殊陶業","東証","20230309","日証金","確報","0","40400","82200","0","0","200","82000","-40400"
"5337","ダントーＨＤ","東証","20230309","日証金","確報","18400","400","287900","0","0","0","287900","18000"
"5341","アサヒ衛陶","東証","20230309","日証金","確報","600","200","169600","0","0","0","169600","400"
"5342","ジャニス工業","名証","20230309","日証金","確報","0","0","600","0","0","0","600","0"
"5343","ニッコー","名証","20230309","日証金","確報","0","0","8200","0","0","0","8200","0"
"5344","ＭＡＲＵＷＡ","名証","20230309","日証金","確報","0","0","0","0","0","0","0","0"
"5344","ＭＡＲＵＷＡ","東証","20230309","日証金","確報","0","300","1600","800","0","7100","-5500","-1100"
"5351","品川リフラクトリーズ","札証","20230309","日証金","確報","0","0","0","0","0","0","0","0"
"5351","品川リフラクトリーズ","東証","20230309","日証金","確報","300","0","4300","0","0","0","4300","300"
"5352","黒崎播磨","東証","20230309","日証金","確報","200","400","7900","300","500","7900","0","0"
"5352","黒崎播磨","福証","20230309","日証金","確報","0","0","0","0","0","0","0","0"
"5355","日本坩堝","東証","20230309","日証金","確報","0","0","0","0","0","0","0","0"
"5356","美濃窯業","名証","20230309","日証金","確報","1300","0","4100","0","0","0","4100","1300"
"5357","ヨータイ","東証","20230309","日証金","確報","0","0","7400","900","0","7100","300","-900"
"5363","東京窯業","東証","20230309","日証金","確報","100","700","47800","1200","0","5400","42400","-1800"
"5367","ニッカトー","東証","20230309","日証金","確報","0","2700","5800","100","200","100","5700","-2600"
"5368","日本インシュレ","東証","20230309","日証金","確報","0","0","3700","0","0","0","3700","0"
"5380","新東","東証","20230309","日証金","確報","0","200","2800","0","0","0","2800","-200"
"5381","Ｍｉｐｏｘ","東証","20230309","日証金","確報","4100","3400","392000","100100","0","672300","-280300","-99400"
"5384","フジミイン","名証","20230309","日証金","確報","0","0","0","0","0","0","0","0"
"5384","フジミイン","東証","20230309","日証金","確報","200","600","4700","200","0","400","4300","-600"
"5386","鶴弥","名証","20230309","日証金","確報","0","0","0","0","0","0","0","0"
"5386","鶴弥","東証","20230309","日証金","確報","0","0","2500","0","0","0","2500","0"
"5388","クニミネ工業","東証","20230309","日証金","確報","0","300","2500","0","100","2100","400","-200"
"5391","Ａ＆Ａマテリアル","東証","20230309","日証金","確報","0","0","4300","0","0","0","4300","0"
"5393","ニチアス","東証","20230309","日証金","確報","3300","100","9100","3200","0","9100","0","0"
"5395","理研コランダム","東証","20230309","日証金","確報","0","400","1200","0","0","0","1200","-400"
"5401","日本製鉄","名証","20230309","日証金","確報","0","0","0","0","0","0","0","0"
"5401","日本製鉄","札証","20230309","日証金","確報","0","0","0","0","0","0","0","0"
"5401","日本製鉄","東証","20230309","日証金","確報","5500","201800","261400","24900","7300","56800","204600","-213900"
"5401","日本製鉄","福証","20230309","日証金","確報","0","0","0","0","0","0","0","0"
"5406","神戸製鋼所","名証","20230309","日証金","確報","0","0","0","0","0","0","0","0"
"5406","神戸製鋼所","東証","20230309","日証金","確報","118000","98200","1529100","543400","342000","3621100","-2092000","-181600"
"5408","中山製鋼所","東証","20230309","日証金","確報","53500","5800","361500","0","0","3300","358200","47700"
"5410","合同製鐵","東証","20230309","日証金","確報","4500","3900","25100","900","900","24500","600","600"
"5411","ＪＦＥ","東証","20230309","日証金","確報","46000","10600","315600","38700","3300","315600","0","0"
"5423","東京製鐵","東証","20230309","日証金","確報","1200","5400","45100","800","12700","75900","-30800","7700"
"5440","共英製鋼","東証","20230309","日証金","確報","200","300","9400","200","200","4700","4700","-100"
"5444","大和工業","東証","20230309","日証金","確報","1300","3300","10200","3300","100","7800","2400","-5200"
"5445","東京鐵鋼","東証","20230309","日証金","確報","2500","2000","7400","0","0","0","7400","500"
"5446","北越メタル","東証","20230309","日証金","確報","0","0","500","0","0","0","500","0"
"5449","大阪製鐵","東証","20230309","日証金","確報","2500","0","3400","0","100","400","3000","2600"
"5451","淀川製鋼所","東証","20230309","日証金","確報","400","800","1100","0","1100","400","700","700"
"5458","高砂鐵工","東証","20230309","日証金","確報","0","2400","1800","0","0","0","1800","-2400"
"5461","中部鋼鈑","名証","20230309","日証金","確報","100","2000","2700","0","600","800","1900","-1300"
"5461","中部鋼鈑","東証","20230309","日証金","確報","2900","2400","38200","0","0","0","38200","500"
"5463","丸一鋼管","東証","20230309","日証金","確報","0","200","1100","100","0","1100","0","-300"
"5464","モリ工業","東証","20230309","日証金","確報","200","600","4000","300","0","900","3100","-700"
"5471","大同特殊鋼","名証","20230309","日証金","確報","0","0","0","0","0","0","0","0"
"5471","大同特殊鋼","東証","20230309","日証金","確報","1500","400","12600","3400","0","8600","4000","-2300"
"5476","日本高周波鋼業","東証","20230309","日証金","確報","0","0","1500","0","0","1100","400","0"
"5480","日本冶金工業","東証","20230309","日証金","確報","100","19300","21900","9200","1400","14800","7100","-27000"
"5481","山陽特殊製鋼","東証","20230309","日証金","確報","0","1200","20900","200","100","28000","-7100","-1300"
"5482","愛知製鋼","名証","20230309","日証金","確報","0","0","0","0","0","0","0","0"
"5482","愛知製鋼","東証","20230309","日証金","確報","3700","100","11400","500","0","1800","9600","3100"
"5484","東北特殊鋼","東証","20230309","日証金","確報","0","400","0","0","0","0","0","-400"
"5491","日本金属","東証","20230309","日証金","確報","1000","5300","44000","0","0","0","44000","-4300"
"5527","ｐｒｏｐｅｔｅｃ","東証","20230309","日証金","確報","900","1000","6300","0","0","0","6300","-100"
"5541","大平洋金属","東証","20230309","日証金","確報","1400","1800","25900","0","100","2800","23100","-300"
"5542","新報国マテリアル","東証","20230309","日証金","確報","0","500","1000","0","0","0","1000","-500"
"5563","新日本電工","東証","20230309","日証金","確報","3000","2600","138800","200","0","16300","122500","200"
"5602","栗本鐵工所","東証","20230309","日証金","確報","0","0","6800","0","0","1100","5700","0"
"5603","虹技","東証","20230309","日証金","確報","100","100","3400","0","0","100","3300","0"
"5607","中央可鍛工業","名証","20230309","日証金","確報","1500","0","6000","0","0","0","6000","1500"
"5609","日本鋳造","東証","20230309","日証金","確報","900","0","8800","0","300","200","8600","1200"
"5610","大和重工","東証","20230309","日証金","確報","0","0","500","0","0","0","500","0"
"5612","日本鋳鉄管","東証","20230309","日証金","確報","0","0","2600","0","0","0","2600","0"
"5631","日本製鋼所","東証","20230309","日証金","確報","200","300","68900","0","0","0","68900","-100"
"5632","三菱製鋼","東証","20230309","日証金","確報","2600","0","29900","200","1500","1700","28200","3900"
"5644","メタルアート","東証","20230309","日証金","確報","2700","0","11300","0","0","0","11300","2700"
"5658","日亜鋼業","東証","20230309","日証金","確報","3100","1900","26900","100","900","1400","25500","2000"
"5659","日本精線","東証","20230309","日証金","確報","200","0","1100","200","0","1100","0","0"
"5660","神鋼鋼線工業","東証","20230309","日証金","確報","0","0","3600","0","0","0","3600","0"
"5695","パウダーテック","東証","20230309","日証金","確報","0","0","1100","0","0","0","1100","0"
"5697","サンユウ","東証","20230309","日証金","確報","5000","600","13100","0","0","0","13100","4400"
"5698","エンビプロＨＤ","東証","20230309","日証金","確報","200","8000","32200","0","0","0","32200","-7800"
"5699","イボキン","東証","20230309","日証金","確報","0","0","51500","0","0","0","51500","0"
"5702","大紀アルミニウム工業","東証","20230309","日証金","確報","200","4900","52400","1700","0","3400","49000","-6400"
"5703","日本軽金属ＨＤ","東証","20230309","日証金","確報","600","17400","66300","9000","300","76300","-10000","-25500"
"5704","ＪＭＣ","東証","20230309","日証金","確報","0","5100","11400","0","0","0","11400","-5100"
"5706","三井金属鉱業","東証","20230309","日証金","確報","0","600","21800","3600","400","26800","-5000","-3800"
"5707","東邦亜鉛","東証","20230309","日証金","確報","4400","10000","109900","1000","400","140000","-30100","-6200"
"5711","三菱マテリアル","東証","20230309","日証金","確報","500","12700","36900","4500","0","37800","-900","-16700"
"5713","住友金属鉱山","東証","20230309","日証金","確報","6100","109200","81200","6400","200","33400","47800","-109300"
"5714","ＤＯＷＡＨＤ","東証","20230309","日証金","確報","1200","100","11600","0","0","0","11600","1100"
"5715","古河機械金属","東証","20230309","日証金","確報","300","300","5400","100","0","2600","2800","-100"
"5721","エス・サイエンス","東証","20230309","日証金","確報","0","0","81700","0","0","0","81700","0"
"5724","アサカ理研","東証","20230309","日証金","確報","2000","0","74300","0","0","0","74300","2000"
"5726","大阪チタニウムテクノ","東証","20230309","日証金","確報","78800","3300","418800","0","28800","243100","175700","104300"
"5727","東邦チタニウム","東証","20230309","日証金","確報","8500","42800","261000","4300","9200","5000","256000","-29400"
"5729","日本精鉱","東証","20230309","日証金","確報","0","0","600","0","0","0","600","0"
"5741","ＵＡＣＪ","東証","20230309","日証金","確報","1900","500","3800","4600","400","31500","-27700","-2800"
"5742","エヌアイシ・オート","東証","20230309","日証金","確報","0","0","2400","100","0","500","1900","-100"
"5753","日本伸銅","東証","20230309","日証金","確報","600","100","14700","0","0","0","14700","500"
"5757","ＣＫサンエツ","東証","20230309","日証金","確報","0","100","500","0","0","0","500","-100"
"5759","日本電解","東証","20230309","日証金","確報","6800","5800","88300","0","0","0","88300","1000"
"5781","東邦金属","東証","20230309","日証金","確報","3700","2400","50700","0","0","0","50700","1300"
"5801","古河電気工業","東証","20230309","日証金","確報","0","2000","13500","0","4600","200","13300","2600"
"5802","住友電気工業","名証","20230309","日証金","確報","0","0","0","0","0","0","0","0"
"5802","住友電気工業","東証","20230309","日証金","確報","2900","34500","47700","3900","6100","71400","-23700","-29400"
"5802","住友電気工業","福証","20230309","日証金","確報","0","0","0","0","0","0","0","0"
"5803","フジクラ","東証","20230309","日証金","確報","41000","2100","302800","1300","0","5900","296900","37600"
"5805","昭和電線ＨＤ","東証","20230309","日証金","確報","900","100","3100","0","1000","3200","-100","1800"
"5809","タツタ電線","東証","20230309","日証金","確報","0","1300","63800","0","0","0","63800","-1300"
"5816","オーナンバ","東証","20230309","日証金","確報","200","1200","40600","0","2700","200","40400","1700"
"5817","ＪＭＡＣＳ","東証","20230309","日証金","確報","0","200","16400","0","0","0","16400","-200"
"5819","カナレ電気","東証","20230309","日証金","確報","0","100","4200","0","0","0","4200","-100"
"5820","三ッ星","東証","20230309","日証金","確報","100","1200","27400","0","0","0","27400","-1100"
"5821","平河ヒューテック","東証","20230309","日証金","確報","0","2600","6200","0","0","0","6200","-2600"
"5830","いよぎんＨＤ","東証","20230309","日証金","確報","9900","1600","49100","22500","600","108000","-58900","-13600"
"5831","しずおかＦＧ","東証","20230309","日証金","確報","1000","18500","27900","11000","0","87300","-59400","-28500"
"5832","ちゅうぎんＦＧ","東証","20230309","日証金","確報","6700","2800","9500","3900","0","9500","0","0"
"5834","ＳＢＩリーシング","東証","20230309","日証金","確報","4100","800","223500","0","0","0","223500","3300"
"5836","エージェントＩＧ","名証","20230309","日証金","確報","0","100","4800","0","0","0","4800","-100"
"5851","リョービ","東証","20230309","日証金","確報","0","600","10900","0","0","300","10600","-600"
"5852","アーレスティ","東証","20230309","日証金","確報","2300","200","26900","0","0","3200","23700","2100"
"5856","エルアイイーエイチ","東証","20230309","日証金","確報","0","0","5000","0","0","0","5000","0"
"5857","アサヒＨＤ","東証","20230309","日証金","確報","1300","1000","17000","300","0","1000","16000","0"
"5900","ダイケン","東証","20230309","日証金","確報","0","0","0","0","0","0","0","0"
"5901","東洋製罐グループＨＤ","東証","20230309","日証金","確報","0","2900","9400","1600","100","4300","5100","-4400"
"5902","ホッカンＨＤ","札証","20230309","日証金","確報","0","0","0","0","0","0","0","0"
"5902","ホッカンＨＤ","東証","20230309","日証金","確報","0","500","500","600","0","1300","-800","-1100"
"5903","シンポ","東証","20230309","日証金","確報","0","0","3200","0","0","0","3200","0"
"5905","日本製罐","東証","20230309","日証金","確報","0","0","100","0","0","0","100","0"
"5906","エムケー精工","東証","20230309","日証金","確報","0","0","8100","0","0","0","8100","0"
"5909","コロナ","東証","20230309","日証金","確報","0","0","3700","0","0","0","3700","0"
"5911","横河ブリッジＨＤ","東証","20230309","日証金","確報","1000","1200","2100","200","0","2100","0","-400"
"5915","駒井ハルテック","東証","20230309","日証金","確報","100","0","3600","300","0","1400","2200","-200"
"5918","瀧上工業","名証","20230309","日証金","確報","0","0","0","0","0","0","0","0"
"5918","瀧上工業","東証","20230309","日証金","確報","0","0","300","0","0","0","300","0"
"5921","川岸工業","東証","20230309","日証金","確報","0","300","1800","0","0","0","1800","-300"
"5922","那須電機鉄工","東証","20230309","日証金","確報","0","0","300","0","0","0","300","0"
"5923","高田機工","東証","20230309","日証金","確報","0","400","1800","0","0","0","1800","-400"
"5928","アルメタックス","東証","20230309","日証金","確報","19800","1400","235100","0","900","1500","233600","19300"
"5929","三和ホールディングス","東証","20230309","日証金","確報","0","800","6000","2300","600","23900","-17900","-2500"
"5930","文化シヤッター","東証","20230309","日証金","確報","100","100","2300","0","200","2000","300","200"
"5932","三協立山","東証","20230309","日証金","確報","700","3000","5100","1800","0","5100","0","-4100"
"5933","アルインコ","東証","20230309","日証金","確報","400","4700","27600","0","100","48500","-20900","-4200"
"5935","元旦ビューティ工業","東証","20230309","日証金","確報","0","0","900","0","0","0","900","0"
"5936","東洋シヤッター","東証","20230309","日証金","確報","0","0","2300","0","0","400","1900","0"
"5938","ＬＩＸＩＬ","名証","20230309","日証金","確報","0","0","0","0","0","0","0","0"
"5938","ＬＩＸＩＬ","東証","20230309","日証金","確報","0","4100","9900","6400","100","7500","2400","-10400"
"5939","大谷工業","東証","20230309","日証金","確報","700","200","1300","0","0","0","1300","500"
"5940","不二サッシ","東証","20230309","日証金","確報","2100","100","103300","0","0","0","103300","2000"
"5941","中西製作所","東証","20230309","日証金","確報","0","0","0","0","0","0","0","0"
"5942","日本フイルコン","東証","20230309","日証金","確報","100","100","3900","0","0","0","3900","0"
"5943","ノーリツ","東証","20230309","日証金","確報","0","200","4200","100","0","500","3700","-300"
"5945","天龍製鋸","東証","20230309","日証金","確報","0","0","1300","0","0","0","1300","0"
"5946","長府製作所","東証","20230309","日証金","確報","0","100","700","200","0","400","300","-300"
"5947","リンナイ","名証","20230309","日証金","確報","0","0","0","0","0","0","0","0"
"5947","リンナイ","東証","20230309","日証金","確報","100","500","3200","0","0","600","2600","-400"
"5949","ユニプレス","東証","20230309","日証金","確報","400","1300","13400","500","100","1500","11900","-1300"
"5950","日本パワー","東証","20230309","日証金","確報","1000","0","144100","0","0","0","144100","1000"
"5951","ダイニチ工業","東証","20230309","日証金","確報","0","1300","2100","0","0","0","2100","-1300"
"5952","アマテイ","東証","20230309","日証金","確報","0","600","19400","0","0","0","19400","-600"
"5953","昭和鉄工","福証","20230309","日証金","確報","0","0","2000","0","0","0","2000","0"
"5955","ヤマシナ","東証","20230309","日証金","確報","0","1600","89200","500","100","5900","83300","-2000"
"5956","トーソー","東証","20230309","日証金","確報","800","0","1000","100","0","1300","-300","700"
"5957","日東精工","東証","20230309","日証金","確報","200","0","11500","0","0","0","11500","200"
"5958","三洋工業","東証","20230309","日証金","確報","0","0","3000","0","0","200","2800","0"
"5959","岡部","東証","20230309","日証金","確報","0","200","5500","100","0","200","5300","-300"
"5962","浅香工業","東証","20230309","日証金","確報","0","0","500","0","0","0","500","0"
"5965","フジマック","東証","20230309","日証金","確報","0","100","1500","0","0","0","1500","-100"
"5966","京都機械工具","東証","20230309","日証金","確報","0","0","0","0","0","0","0","0"
"5967","ＴＯＮＥ","東証","20230309","日証金","確報","0","0","600","0","0","0","600","0"
"5969","ロブテックス","東証","20230309","日証金","確報","0","0","3800","0","0","0","3800","0"
"5970","ジーテクト","東証","20230309","日証金","確報","0","0","22900","0","0","100","22800","0"
"5971","共和工業所","東証","20230309","日証金","確報","0","0","600","0","0","0","600","0"
"5973","トーアミ","東証","20230309","日証金","確報","600","1100","2900","0","0","0","2900","-500"
"5974","中国工業","東証","20230309","日証金","確報","0","0","2700","0","0","0","2700","0"
"5975","東プレ","東証","20230309","日証金","確報","0","13300","400","0","5800","0","400","-7500"
"5976","高周波熱錬","東証","20230309","日証金","確報","200","2700","10900","100","900","300","10600","-1700"
"5979","カネソウ","名証","20230309","日証金","確報","0","0","100","0","0","0","100","0"
"5981","東京製綱","東証","20230309","日証金","確報","700","500","27900","1700","0","8500","19400","-1500"
"5982","マルゼン","東証","20230309","日証金","確報","100","0","1900","0","0","0","1900","100"
"5983","イワブチ","東証","20230309","日証金","確報","100","0","300","0","0","0","300","100"
"5984","兼房","名証","20230309","日証金","確報","0","0","0","0","0","0","0","0"
"5984","兼房","東証","20230309","日証金","確報","100","0","1900","0","0","0","1900","100"
"5985","サンコール","東証","20230309","日証金","確報","100","200","27600","0","0","4200","23400","-100"
"5986","モリテック　スチール","東証","20230309","日証金","確報","26600","26500","309500","100","0","309500","0","0"
"5987","オーネックス","東証","20230309","日証金","確報","0","0","800","0","0","0","800","0"
"5988","パイオラックス","東証","20230309","日証金","確報","600","500","10800","0","500","200","10600","600"
"5989","エイチワン","東証","20230309","日証金","確報","1400","0","171100","0","7000","0","171100","8400"
"5990","スーパーツール","東証","20230309","日証金","確報","0","0","600","0","0","0","600","0"
"5991","日本発条","東証","20230309","日証金","確報","7500","2300","11100","7000","600","12300","-1200","-1200"
"5992","中央発條","名証","20230309","日証金","確報","0","0","0","0","0","0","0","0"
"5992","中央発條","東証","20230309","日証金","確報","0","0","8300","0","600","500","7800","600"
"5993","知多鋼業","名証","20230309","日証金","確報","0","0","2600","0","0","0","2600","0"
"5994","ファインシンター","名証","20230309","日証金","確報","0","0","0","0","0","0","0","0"
"5994","ファインシンター","東証","20230309","日証金","確報","0","0","14800","0","0","0","14800","0"
"5997","協立エアテック","東証","20230309","日証金","確報","0","0","200","0","0","0","200","0"
"5998","アドバネクス","東証","20230309","日証金","確報","0","0","1400","200","0","300","1100","-200"
"5999","イハラサイエンス","東証","20230309","日証金","確報","0","600","29800","0","0","0","29800","-600"
"6005","三浦工業","東証","20230309","日証金","確報","200","0","6000","300","0","3600","2400","-100"
"6013","タクマ","東証","20230309","日証金","確報","3700","5000","18900","9400","0","9500","9400","-10700"
"6016","ジャパンエンジン","東証","20230309","日証金","確報","0","0","5000","0","0","0","5000","0"
"6018","阪神内燃機工業","東証","20230309","日証金","確報","0","0","900","0","0","0","900","0"
"6022","赤阪鐵工所","東証","20230309","日証金","確報","0","0","2000","0","0","0","2000","0"
"6023","ダイハツディーゼル","東証","20230309","日証金","確報","400","300","12200","0","0","1100","11100","100"
"6025","日本ＰＣサービス","名証","20230309","日証金","確報","0","0","2000","0","0","0","2000","0"
"6026","ＧＭＯ　ＴＥＣＨ","東証","20230309","日証金","確報","0","0","9300","0","0","0","9300","0"
"6027","弁護士ドットコム","東証","20230309","日証金","確報","19500","19000","180100","500","0","180100","0","0"
"6028","テクノプロＨＤ","東証","20230309","日証金","確報","0","1000","2700","0","600","300","2400","-400"
"6029","アトラグループ","東証","20230309","日証金","確報","0","0","13800","0","0","0","13800","0"
"6030","アドベンチャー","東証","20230309","日証金","確報","600","0","14900","0","0","0","14900","600"
"6031","サイジニア","東証","20230309","日証金","確報","0","700","6400","0","0","0","6400","-700"
"6032","インターワークス","東証","20230309","日証金","確報","100","200","4900","0","0","0","4900","-100"
"6033","エクストリーム","東証","20230309","日証金","確報","1100","500","14000","0","0","0","14000","600"
"6034","ＭＲＴ","東証","20230309","日証金","確報","0","200","10700","0","100","0","10700","-100"
"6035","ＩＲジャパンＨＤ","東証","20230309","日証金","確報","800","4100","53600","400","1700","11700","41900","-2000"
"6036","ＫｅｅＰｅｒ技研","名証","20230309","日証金","確報","0","0","0","0","0","0","0","0"
"6036","ＫｅｅＰｅｒ技研","東証","20230309","日証金","確報","0","0","82600","16500","11300","273300","-190700","-5200"
"6037","ファーストロジック","東証","20230309","日証金","確報","0","0","800","0","0","800","0","0"
"6038","イード","東証","20230309","日証金","確報","0","0","2900","0","0","800","2100","0"
"6039","日本動物高度医療","東証","20230309","日証金","確報","100","600","2400","0","0","0","2400","-500"
"6040","日本スキー場開発","東証","20230309","日証金","確報","0","300","3600","0","0","0","3600","-300"
"6042","ニッキ","東証","20230309","日証金","確報","0","0","3600","0","0","0","3600","0"
"6044","三機サービス","東証","20230309","日証金","確報","0","200","2100","0","0","0","2100","-200"
"6045","レントラックス","東証","20230309","日証金","確報","0","0","20400","0","500","2100","18300","500"
"6046","リンクバル","東証","20230309","日証金","確報","100","100","9900","900","0","8300","1600","-900"
"6047","Ｇｕｎｏｓｙ","東証","20230309","日証金","確報","9900","23100","622400","0","0","703500","-81100","-13200"
"6048","デザインワン","東証","20230309","日証金","確報","400","300","14600","0","0","100","14500","100"
"6049","イトクロ","東証","20230309","日証金","確報","500","200","36700","0","0","0","36700","300"
"6050","イー・ガーディアン","東証","20230309","日証金","確報","0","400","10100","0","0","4300","5800","-400"
"6054","リブセンス","東証","20230309","日証金","確報","7500","7700","119600","0","200","119600","0","0"
"6055","ジャパンマテリアル","名証","20230309","日証金","確報","0","0","0","0","0","0","0","0"
"6055","ジャパンマテリアル","東証","20230309","日証金","確報","900","7400","16400","1700","0","16400","0","-8200"
"6058","ベクトル","東証","20230309","日証金","確報","1600","6900","14400","1700","100","12600","1800","-6900"
"6059","ウチヤマＨＤ","東証","20230309","日証金","確報","0","0","23400","100","400","6700","16700","300"
"6060","こころネット","東証","20230309","日証金","確報","0","0","1600","0","0","0","1600","0"
"6061","ユニバーサル園芸社","東証","20230309","日証金","確報","0","100","600","0","0","0","600","-100"
"6062","チャームケアコーポ","東証","20230309","日証金","確報","600","1600","33700","0","100","2500","31200","-900"
"6063","日本エマージェンシー","東証","20230309","日証金","確報","200","0","40400","0","0","0","40400","200"
"6067","インパクト","東証","20230309","日証金","確報","3500","0","9400","600","0","4400","5000","2900"
"6069","トレンダーズ","東証","20230309","日証金","確報","4100","500","33200","0","0","5600","27600","3600"
"6070","キャリアリンク","東証","20230309","日証金","確報","3400","3700","37300","0","0","400","36900","-300"
"6071","ＩＢＪ","東証","20230309","日証金","確報","1300","14700","6200","700","30200","38100","-31900","16100"
"6072","地盤ネットＨＤ","東証","20230309","日証金","確報","0","700","27800","0","0","1200","26600","-700"
"6073","アサンテ","東証","20230309","日証金","確報","0","100","1500","0","100","100","1400","0"
"6074","ジェイエスエス","東証","20230309","日証金","確報","0","0","600","0","0","0","600","0"
"6076","アメイズ","福証","20230309","日証金","確報","0","100","4900","0","0","0","4900","-100"
"6078","バリューＨＲ","東証","20230309","日証金","確報","700","2300","9000","0","1200","7300","1700","-400"
"6080","Ｍ＆Ａキャピタル","東証","20230309","日証金","確報","300","2100","59900","0","0","100","59800","-1800"
"6081","アライドアーキテクツ","東証","20230309","日証金","確報","3100","2200","97300","0","100","1000","96300","1000"
"6082","ライドオンＥＸＨＤ","東証","20230309","日証金","確報","0","200","4300","0","0","0","4300","-200"
"6083","ＥＲＩ　ＨＤ","東証","20230309","日証金","確報","800","1800","10800","1700","200","57800","-47000","-2500"
"6085","アーキテクツＳＪ","東証","20230309","日証金","確報","0","0","300","0","0","0","300","0"
"6086","シンメンテＨＤ","東証","20230309","日証金","確報","0","0","1700","0","0","0","1700","0"
"6087","アビスト","東証","20230309","日証金","確報","0","0","900","0","0","0","900","0"
"6088","シグマクシスＨＤ","東証","20230309","日証金","確報","1600","600","12500","0","400","600","11900","1400"
"6089","ウィルグループ","東証","20230309","日証金","確報","2200","0","12000","0","0","700","11300","2200"
"6090","ヒューマンＭＴ","東証","20230309","日証金","確報","0","0","7000","0","0","0","7000","0"
"6091","ウエスコＨＤ","東証","20230309","日証金","確報","0","0","2000","0","0","0","2000","0"
"6092","エンバイオＨＤ","東証","20230309","日証金","確報","900","700","11900","0","0","0","11900","200"
"6093","エスクローＡＪ","東証","20230309","日証金","確報","0","0","28200","0","0","3800","24400","0"
"6094","フリークアウト・ホー","東証","20230309","日証金","確報","400","2000","19200","0","0","0","19200","-1600"
"6095","メドピア","東証","20230309","日証金","確報","10400","10400","201200","0","0","201200","0","0"
"6096","レアジョブ","東証","20230309","日証金","確報","400","0","7800","2900","1200","82400","-74600","-1300"
"6098","リクルートＨＤ","東証","20230309","日証金","確報","15400","15000","401900","200","100","1900","400000","300"
"6099","エラン","東証","20230309","日証金","確報","100","100","7600","0","400","0","7600","400"
"6101","ツガミ","東証","20230309","日証金","確報","200","0","40400","900","6800","60300","-19900","6100"
"6103","オークマ","名証","20230309","日証金","確報","0","0","0","0","0","0","0","0"
"6103","オークマ","東証","20230309","日証金","確報","900","1300","17700","2300","600","20800","-3100","-2100"
"6104","芝浦機械","東証","20230309","日証金","確報","100","0","5900","500","200","2000","3900","-200"
"6111","旭精機工業","名証","20230309","日証金","確報","0","0","2100","0","0","0","2100","0"
"6113","アマダ","東証","20230309","日証金","確報","9300","0","36200","11900","1400","49000","-12800","-1200"
"6118","アイダエンジニア","東証","20230309","日証金","確報","1000","200","26400","0","200","700","25700","1000"
"6121","ＴＡＫＩＳＡＷＡ","東証","20230309","日証金","確報","900","0","3500","0","0","0","3500","900"
"6125","岡本工作機械製作所","東証","20230309","日証金","確報","400","700","55000","0","0","0","55000","-300"
"6131","浜井産業","東証","20230309","日証金","確報","0","0","13200","0","0","0","13200","0"
"6134","ＦＵＪＩ","名証","20230309","日証金","確報","0","0","0","0","0","0","0","0"
"6134","ＦＵＪＩ","東証","20230309","日証金","確報","0","900","7900","400","0","1300","6600","-1300"
"6135","牧野フライス製作所","東証","20230309","日証金","確報","3600","7800","18000","100","100","18000","0","-4200"
"6136","オーエスジー","名証","20230309","日証金","確報","0","0","0","0","0","0","0","0"
"6136","オーエスジー","東証","20230309","日証金","確報","200","100","8100","100","3600","15100","-7000","3600"
"6137","小池酸素工業","東証","20230309","日証金","確報","1400","0","26300","0","0","0","26300","1400"
"6138","ダイジヱット工業","東証","20230309","日証金","確報","0","0","1600","0","0","0","1600","0"
"6140","旭ダイヤモンド工業","東証","20230309","日証金","確報","0","3200","51500","1300","3400","3900","47600","-1100"
"6141","ＤＭＧ森精機","東証","20230309","日証金","確報","1100","6600","21200","300","5300","43100","-21900","-500"
"6142","富士精工","名証","20230309","日証金","確報","200","0","13100","0","0","0","13100","200"
"6143","ソディック","東証","20230309","日証金","確報","12100","2600","69700","0","0","0","69700","9500"
"6144","西部電機","東証","20230309","日証金","確報","0","0","0","0","0","0","0","0"
"6144","西部電機","福証","20230309","日証金","確報","0","0","0","0","0","0","0","0"
"6145","ＮＩＴＴＯＫＵ","東証","20230309","日証金","確報","1300","700","6000","0","0","36200","-30200","600"
"6146","ディスコ","東証","20230309","日証金","確報","100","1700","10900","18400","100","77100","-66200","-19900"
"6147","ヤマザキ","東証","20230309","日証金","確報","0","0","4600","0","0","0","4600","0"
"6149","小田原エンジニア","東証","20230309","日証金","確報","0","0","5300","0","0","0","5300","0"
"6150","タケダ機械","東証","20230309","日証金","確報","0","100","1500","0","0","0","1500","-100"
"6151","日東工器","東証","20230309","日証金","確報","400","0","1700","100","0","900","800","300"
"6155","高松機械工業","東証","20230309","日証金","確報","0","0","600","0","0","0","600","0"
"6156","エーワン精密","東証","20230309","日証金","確報","400","0","1200","0","0","0","1200","400"
"6157","日進工具","東証","20230309","日証金","確報","0","0","600","0","0","600","0","0"
"6158","和井田製作所","東証","20230309","日証金","確報","0","0","700","0","0","0","700","0"
"6159","ミクロン精密","東証","20230309","日証金","確報","0","0","0","0","0","0","0","0"
"6161","エスティック","東証","20230309","日証金","確報","0","0","1000","0","0","0","1000","0"
"6164","太陽工機","東証","20230309","日証金","確報","1100","0","4700","0","0","0","4700","1100"
"6165","パンチ工業","東証","20230309","日証金","確報","700","1900","18500","0","2900","16800","1700","1700"
"6166","中村超硬","東証","20230309","日証金","確報","3000","1000","40800","0","0","0","40800","2000"
"6167","冨士ダイス","東証","20230309","日証金","確報","59200","67300","183100","31500","62400","183100","0","22800"
"6171","土木管理総合試験所","東証","20230309","日証金","確報","1200","0","11200","0","0","0","11200","1200"
"6172","メタップス","東証","20230309","日証金","確報","0","7500","5800","0","0","0","5800","-7500"
"6173","アクアライン","東証","20230309","日証金","確報","0","0","0","0","0","0","0","0"
"6176","ブランジスタ","東証","20230309","日証金","確報","1800","1000","36800","0","0","0","36800","800"
"6177","ＡｐｐＢａｎｋ","東証","20230309","日証金","確報","900","0","39400","0","0","0","39400","900"
"6178","日本郵政","東証","20230309","日証金","確報","0","27100","308500","16400","43500","308500","0","0"
"6180","ＧＭＯメディア","東証","20230309","日証金","確報","0","200","1300","0","0","0","1300","-200"
"6181","タメニー","東証","20230309","日証金","確報","2000","16600","47700","0","0","0","47700","-14600"
"6182","メタリアル","東証","20230309","日証金","確報","10600","4900","25000","0","0","10100","14900","5700"
"6183","ベル２４ＨＤ","東証","20230309","日証金","確報","100","4700","9400","100","0","4000","5400","-4700"
"6184","鎌倉新書","東証","20230309","日証金","確報","34800","65500","134600","100","30800","134600","0","0"
"6185","ＳＭＮ","東証","20230309","日証金","確報","100","0","2400","0","0","0","2400","100"
"6186","一蔵","東証","20230309","日証金","確報","700","200","4000","0","0","0","4000","500"
"6188","富士ソフトＳＢ","東証","20230309","日証金","確報","0","0","900","0","0","0","900","0"
"6189","グローバルキッズＣ","東証","20230309","日証金","確報","1100","0","15900","1400","0","16200","-300","-300"
"6190","フェニックスバイオ","東証","20230309","日証金","確報","600","0","18000","0","0","0","18000","600"
"6191","エアトリ","東証","20230309","日証金","確報","7100","7100","100000","0","0","100000","0","0"
"6192","ハイアス＆カンパニー","東証","20230309","日証金","確報","134300","21700","560300","0","0","0","560300","112600"
"6193","バーチャレクス","東証","20230309","日証金","確報","500","0","8000","0","0","0","8000","500"
"6194","アトラエ","東証","20230309","日証金","確報","4300","100","12600","0","0","1600","11000","4200"
"6196","ストライク","東証","20230309","日証金","確報","1400","200","19700","0","0","0","19700","1200"
"6197","ソラスト","東証","20230309","日証金","確報","1500","100","40300","0","0","0","40300","1400"
"6198","キャリア","東証","20230309","日証金","確報","0","600","9200","0","0","0","9200","-600"
"6199","セラク","東証","20230309","日証金","確報","3600","2500","76800","1100","0","76800","0","0"
"6200","インソース","東証","20230309","日証金","確報","300","200","53900","0","0","17200","36700","100"
"6201","豊田自動織機","名証","20230309","日証金","確報","0","0","0","0","0","0","0","0"
"6201","豊田自動織機","東証","20230309","日証金","確報","600","1000","5100","1300","1700","5100","0","0"
"6203","豊和工業","名証","20230309","日証金","確報","0","0","0","0","0","0","0","0"
"6203","豊和工業","東証","20230309","日証金","確報","600","7300","8600","0","12300","3000","5600","5600"
"6208","石川製作所","東証","20230309","日証金","確報","2200","1100","115600","0","0","0","115600","1100"
"6210","東洋機械金属","東証","20230309","日証金","確報","1700","0","13400","0","4300","300","13100","6000"
"6217","津田駒工業","東証","20230309","日証金","確報","0","100","14100","0","100","900","13200","0"
"6218","エンシュウ","東証","20230309","日証金","確報","0","100","5700","0","0","100","5600","-100"
"6222","島精機製作所","東証","20230309","日証金","確報","100","0","3300","200","0","1500","1800","-100"
"6226","守谷輸送機工業","東証","20230309","日証金","確報","4700","400","33700","0","600","17600","16100","4900"
"6227","ＡＩメカテック","東証","20230309","日証金","確報","6700","4300","42000","0","0","0","42000","2400"
"6229","オーケーエム","東証","20230309","日証金","確報","200","0","1900","0","0","0","1900","200"
"6230","ＳＡＮＥＩ","東証","20230309","日証金","確報","0","0","1300","0","0","0","1300","0"
"6231","木村工機","東証","20230309","日証金","確報","0","0","1600","0","0","0","1600","0"
"6232","ＡＣＳＬ","東証","20230309","日証金","確報","600","4100","288900","0","0","300000","-11100","-3500"
"6233","極東産機","東証","20230309","日証金","確報","0","0","500","0","0","0","500","0"
"6235","オプトラン","東証","20230309","日証金","確報","200","0","7800","300","0","1100","6700","-100"
"6236","ＮＣホールディングス","東証","20230309","日証金","確報","0","0","4700","0","0","0","4700","0"
"6237","イワキポンプ","東証","20230309","日証金","確報","0","800","12500","0","0","0","12500","-800"
"6238","フリュー","東証","20230309","日証金","確報","6700","0","19200","700","200","27700","-8500","6200"
"6239","ナガオカ","東証","20230309","日証金","確報","0","1000","3900","0","0","0","3900","-1000"
"6240","ヤマシンフィルタ","東証","20230309","日証金","確報","5000","9900","202100","1800","0","32800","169300","-6700"
"6245","ヒラノテクシード","東証","20230309","日証金","確報","0","600","6000","0","0","0","6000","-600"
"6246","テクノスマート","東証","20230309","日証金","確報","700","400","5000","0","0","800","4200","300"
"6247","日阪製作所","東証","20230309","日証金","確報","500","100","6300","200","0","200","6100","200"
"6248","横田製作所","東証","20230309","日証金","確報","0","0","500","0","0","0","500","0"
"6249","ゲームカードジョイコ","東証","20230309","日証金","確報","2400","300","33200","0","0","0","33200","2100"
"6250","やまびこ","東証","20230309","日証金","確報","0","1200","19600","0","0","300","19300","-1200"
"6254","野村マイクロ・Ｓ","東証","20230309","日証金","確報","0","0","11000","100","0","4400","6600","-100"
"6255","エヌ・ピー・シー","東証","20230309","日証金","確報","200","19000","464000","2000","100","517500","-53500","-20700"
"6257","藤商事","東証","20230309","日証金","確報","2400","200","41000","0","600","17600","23400","2800"
"6258","平田機工","東証","20230309","日証金","確報","700","100","10800","0","300","3700","7100","900"
"6262","ペガサスミシン製造","東証","20230309","日証金","確報","5700","500","47300","0","0","11400","35900","5200"
"6264","マルマエ","東証","20230309","日証金","確報","8100","7500","120200","1000","400","120200","0","0"
"6265","コンバム","東証","20230309","日証金","確報","0","0","16600","0","0","0","16600","0"
"6266","タツモ","東証","20230309","日証金","確報","2600","1100","15400","1700","100","15400","0","-100"
"6267","ゼネラルパッカー","名証","20230309","日証金","確報","0","0","0","0","0","0","0","0"
"6267","ゼネラルパッカー","東証","20230309","日証金","確報","0","0","1000","0","0","0","1000","0"
"6268","ナブテスコ","東証","20230309","日証金","確報","800","0","12300","100","800","1300","11000","1500"
"6269","三井海洋開発","東証","20230309","日証金","確報","300","700","29100","100","0","100","29000","-500"
"6272","レオン自動機","東証","20230309","日証金","確報","0","100","2200","0","300","700","1500","200"
"6273","エスエムシー","東証","20230309","日証金","確報","0","300","200","2300","700","90100","-89900","-1900"
"6276","シリウスビジョン","東証","20230309","日証金","確報","0","600","1400","0","0","0","1400","-600"
"6277","ホソカワミクロン","東証","20230309","日証金","確報","0","0","4400","0","0","400","4000","0"
"6278","ユニオンツール","東証","20230309","日証金","確報","700","400","5400","500","0","700","4700","-200"
"6279","瑞光","東証","20230309","日証金","確報","500","700","2600","1900","19000","28600","-26000","16900"
"6282","オイレス工業","東証","20230309","日証金","確報","300","200","4000","1200","300","4400","-400","-800"
"6284","日精エーエスビー機械","東証","20230309","日証金","確報","400","0","1800","0","500","400","1400","900"
"6286","靜甲","東証","20230309","日証金","確報","200","0","12300","0","0","0","12300","200"
"6287","サトーＨＤ","東証","20230309","日証金","確報","100","100","11100","100","100","11100","0","0"
"6289","技研製作所","東証","20230309","日証金","確報","600","0","9200","0","0","0","9200","600"
"6291","日本エアーテック","東証","20230309","日証金","確報","800","200","9200","0","0","0","9200","600"
"6292","カワタ","東証","20230309","日証金","確報","0","0","4600","0","0","0","4600","0"
"6293","日精樹脂工業","名証","20230309","日証金","確報","0","0","0","0","0","0","0","0"
"6293","日精樹脂工業","東証","20230309","日証金","確報","100","0","3700","700","100","2500","1200","-500"
"6294","オカダアイヨン","東証","20230309","日証金","確報","1700","1100","5300","100","300","4300","1000","800"
"6295","富士変速機","名証","20230309","日証金","確報","0","0","30400","0","0","0","30400","0"
"6297","鉱研工業","東証","20230309","日証金","確報","0","0","5100","0","0","0","5100","0"
"6298","ワイエイシイＨＤ","東証","20230309","日証金","確報","24200","13300","212800","6400","4300","25800","187000","8800"
"6301","小松製作所","東証","20230309","日証金","確報","1500","5300","45400","33800","30100","116300","-70900","-7500"
"6302","住友重機械工業","東証","20230309","日証金","確報","10000","3500","19400","6800","3100","43800","-24400","2800"
"6305","日立建機","東証","20230309","日証金","確報","400","800","17300","800","8800","97200","-79900","7600"
"6306","日工","東証","20230309","日証金","確報","500","100","4400","0","100","800","3600","500"
"6307","サンセイ","東証","20230309","日証金","確報","1000","0","19800","0","0","0","19800","1000"
"6309","巴工業","東証","20230309","日証金","確報","0","0","500","0","0","0","500","0"
"6310","井関農機","東証","20230309","日証金","確報","300","0","5700","0","0","0","5700","300"
"6312","フロイント産業","東証","20230309","日証金","確報","0","0","7800","0","0","0","7800","0"
"6315","ＴＯＷＡ","東証","20230309","日証金","確報","1500","200","55100","300","0","2800","52300","1000"
"6316","丸山製作所","東証","20230309","日証金","確報","500","0","12600","0","300","900","11700","800"
"6317","北川鉄工所","東証","20230309","日証金","確報","1300","600","12400","0","0","12400","0","700"
"6319","シンニッタン","東証","20230309","日証金","確報","600","800","16400","0","0","0","16400","-200"
"6322","タクミナ","東証","20230309","日証金","確報","0","0","0","0","0","0","0","0"
"6323","ローツェ","東証","20230309","日証金","確報","4500","200","25700","9400","300","34900","-9200","-4800"
"6324","ハーモニックドライブ","東証","20230309","日証金","確報","500","3000","50700","1800","500","273300","-222600","-3800"
"6325","タカキタ","名証","20230309","日証金","確報","0","0","0","0","0","0","0","0"
"6325","タカキタ","東証","20230309","日証金","確報","200","1200","24900","0","0","64700","-39800","-1000"
"6326","クボタ","東証","20230309","日証金","確報","100","2700","31700","16100","0","23100","8600","-18700"
"6327","北川精機","東証","20230309","日証金","確報","0","0","17500","0","0","0","17500","0"
"6328","荏原実業","東証","20230309","日証金","確報","100","900","2000","2300","200","7000","-5000","-2900"
"6330","東洋エンジニアリング","東証","20230309","日証金","確報","0","10800","36300","100","600","1000","35300","-10300"
"6331","三菱化工機","東証","20230309","日証金","確報","1600","600","2300","0","1400","100","2200","2400"
"6332","月島機械","東証","20230309","日証金","確報","0","200","45900","0","600","1300","44600","400"
"6333","帝国電機製作所","東証","20230309","日証金","確報","300","0","4200","0","400","2500","1700","700"
"6334","明治機械","東証","20230309","日証金","確報","800","800","41100","0","0","0","41100","0"
"6335","東京機械製作所","東証","20230309","日証金","確報","200","100","30400","0","0","0","30400","100"
"6336","石井表記","東証","20230309","日証金","確報","300","100","7700","0","0","0","7700","200"
"6337","テセック","東証","20230309","日証金","確報","200","300","25300","0","0","0","25300","-100"
"6338","タカトリ","東証","20230309","日証金","確報","6000","2700","154000","0","0","0","154000","3300"
"6339","新東工業","名証","20230309","日証金","確報","0","0","0","0","0","0","0","0"
"6339","新東工業","東証","20230309","日証金","確報","2600","700","22600","40200","300","40400","-17800","-38000"
"6340","澁谷工業","名証","20230309","日証金","確報","0","0","0","0","0","0","0","0"
"6340","澁谷工業","東証","20230309","日証金","確報","0","400","1100","0","200","1800","-700","-200"
"6342","太平製作所","名証","20230309","日証金","確報","0","0","0","0","0","0","0","0"
"6342","太平製作所","東証","20230309","日証金","確報","0","0","400","0","0","0","400","0"
"6343","フリージア・マクロス","東証","20230309","日証金","確報","400","400","166900","0","300","100","166800","300"
"6345","アイチコーポ","名証","20230309","日証金","確報","0","0","0","0","0","0","0","0"
"6345","アイチコーポ","東証","20230309","日証金","確報","0","5000","1400","0","100","0","1400","-4900"
"6346","キクカワエンタ","名証","20230309","日証金","確報","0","0","0","0","0","0","0","0"
"6346","キクカワエンタ","東証","20230309","日証金","確報","0","0","0","0","0","0","0","0"
"6347","プラコー","東証","20230309","日証金","確報","0","1500","423000","0","0","0","423000","-1500"
"6349","小森コーポレーション","東証","20230309","日証金","確報","0","1200","11800","0","0","7400","4400","-1200"
"6351","鶴見製作所","東証","20230309","日証金","確報","200","2000","2500","0","0","0","2500","-1800"
"6355","住友精密工業","東証","20230309","日証金","確報","0","100","100","0","0","0","100","-100"
"6356","日本ギア工業","東証","20230309","日証金","確報","1000","2700","60900","0","400","57200","3700","-1300"
"6357","三精テクノロジーズ","東証","20230309","日証金","確報","200","1600","4900","0","0","600","4300","-1400"
"6358","酒井重工業","東証","20230309","日証金","確報","200","0","1400","0","0","400","1000","200"
"6360","東京自働機械製作所","東証","20230309","日証金","確報","0","0","0","0","0","0","0","0"
"6361","荏原製作所","東証","20230309","日証金","確報","2100","0","18300","1600","1200","8900","9400","1700"
"6362","石井鐵工所","東証","20230309","日証金","確報","0","0","3700","0","0","0","3700","0"
"6363","酉島製作所","東証","20230309","日証金","確報","100","200","5800","100","100","300","5500","-100"
"6364","北越工業","東証","20230309","日証金","確報","1500","3000","12900","2000","3500","12900","0","0"
"6365","電業社機械製作所","東証","20230309","日証金","確報","0","0","700","0","0","0","700","0"
"6366","千代田化工建設","東証","20230309","日証金","確報","5800","800","320800","0","0","0","320800","5000"
"6367","ダイキン工業","東証","20230309","日証金","確報","600","300","5100","2800","3700","14200","-9100","1200"
"6368","オルガノ","東証","20230309","日証金","確報","1900","2400","21400","11700","600","85300","-63900","-11600"
"6369","トーヨーカネツ","東証","20230309","日証金","確報","0","0","2900","0","0","0","2900","0"
"6370","栗田工業","東証","20230309","日証金","確報","4700","200","5900","3400","100","7400","-1500","1200"
"6371","椿本チエイン","東証","20230309","日証金","確報","400","0","3000","0","0","0","3000","400"
"6373","大同工業","東証","20230309","日証金","確報","900","0","3200","0","0","1200","2000","900"
"6376","日機装","東証","20230309","日証金","確報","700","500","10100","100","0","6900","3200","100"
"6378","木村化工機","東証","20230309","日証金","確報","4300","4200","50100","100","0","50100","0","0"
"6379","レイズネクスト","東証","20230309","日証金","確報","5600","100","6000","100","1700","300","5700","7100"
"6380","オリエンタルチエン","東証","20230309","日証金","確報","0","0","100700","0","0","0","100700","0"
"6381","アネスト岩田","東証","20230309","日証金","確報","300","0","4500","100","100","200","4300","300"
"6382","トリニティ工業","東証","20230309","日証金","確報","0","0","400","0","0","0","400","0"
"6383","ダイフク","東証","20230309","日証金","確報","100","2500","6800","700","100","2100","4700","-3000"
"6384","昭和真空","東証","20230309","日証金","確報","0","200","10700","0","0","0","10700","-200"
"6387","サムコ","東証","20230309","日証金","確報","100","200","7800","0","0","0","7800","-100"
"6390","加藤製作所","東証","20230309","日証金","確報","3300","100","53600","300","600","1900","51700","3500"
"6391","加地テック","東証","20230309","日証金","確報","100","600","1500","0","0","0","1500","-500"
"6392","ヤマダコーポ","東証","20230309","日証金","確報","0","0","300","0","0","0","300","0"
"6393","油研工業","東証","20230309","日証金","確報","0","0","3600","0","0","0","3600","0"
"6395","タダノ","東証","20230309","日証金","確報","1000","0","7500","6400","0","20000","-12500","-5400"
"6396","宇野澤組鐵工所","東証","20230309","日証金","確報","0","0","200","0","0","0","200","0"
"6400","不二精機","東証","20230309","日証金","確報","0","200","5800","0","0","0","5800","-200"
"6402","兼松エンジニアリング","東証","20230309","日証金","確報","0","0","0","0","0","0","0","0"
"6403","水道機工","東証","20230309","日証金","確報","0","0","1900","0","0","0","1900","0"
"6405","鈴茂器工","東証","20230309","日証金","確報","0","0","600","0","0","0","600","0"
"6406","フジテック","東証","20230309","日証金","確報","0","1300","16500","400","600","10100","6400","-1100"
"6407","ＣＫＤ","名証","20230309","日証金","確報","0","0","0","0","0","0","0","0"
"6407","ＣＫＤ","東証","20230309","日証金","確報","600","700","4800","700","400","7900","-3100","-400"
"6408","小倉クラッチ","東証","20230309","日証金","確報","100","0","500","0","0","0","500","100"
"6411","中野冷機","東証","20230309","日証金","確報","0","0","200","0","0","0","200","0"
"6412","平和","東証","20230309","日証金","確報","600","300","6700","3200","800","20200","-13500","-2100"
"6413","理想科学工業","東証","20230309","日証金","確報","100","0","4100","1100","0","9800","-5700","-1000"
"6416","桂川電機","東証","20230309","日証金","確報","100","0","5000","0","0","0","5000","100"
"6417","ＳＡＮＫＹＯ","東証","20230309","日証金","確報","0","2400","42300","400","800","46700","-4400","-2000"
"6418","日本金銭機械","東証","20230309","日証金","確報","1100","1100","43300","0","0","43300","0","0"
"6419","マースグループＨＤ","東証","20230309","日証金","確報","0","300","6800","1000","300","2100","4700","-1000"
"6420","フクシマガリレイ","東証","20230309","日証金","確報","100","100","100","0","300","1100","-1000","300"
"6424","高見沢サイバ","東証","20230309","日証金","確報","4000","1300","4600","0","0","0","4600","2700"
"6425","ユニバーサルエンタ","東証","20230309","日証金","確報","2400","700","111300","0","0","0","111300","1700"
"6428","オーイズミ","東証","20230309","日証金","確報","2000","3000","14000","1100","0","9400","4600","-2100"
"6430","ダイコク電機","名証","20230309","日証金","確報","0","0","0","0","0","0","0","0"
"6430","ダイコク電機","東証","20230309","日証金","確報","49000","200","52400","39500","2100","171100","-118700","11400"
"6432","竹内製作所","東証","20230309","日証金","確報","1900","1400","13300","3300","400","14200","-900","-2400"
"6433","ヒーハイスト","東証","20230309","日証金","確報","5000","0","22500","0","0","0","22500","5000"
"6436","アマノ","東証","20230309","日証金","確報","100","3200","5800","0","0","900","4900","-3100"
"6439","中日本鋳工","名証","20230309","日証金","確報","0","0","100","0","0","0","100","0"
"6440","ジューキ","東証","20230309","日証金","確報","2400","0","109600","0","0","0","109600","2400"
"6444","サンデン","東証","20230309","日証金","確報","400","0","164300","2100","0","129600","34700","-1700"
"6445","ジャノメ","東証","20230309","日証金","確報","0","700","14200","0","0","5500","8700","-700"
"6448","ブラザー工業","名証","20230309","日証金","確報","0","0","0","0","0","0","0","0"
"6448","ブラザー工業","東証","20230309","日証金","確報","400","200","32800","0","0","600","32200","200"
"6454","マックス","東証","20230309","日証金","確報","100","100","400","200","0","400","0","-200"
"6455","モリタＨＤ","東証","20230309","日証金","確報","100","0","8300","0","0","200","8100","100"
"6457","グローリー","東証","20230309","日証金","確報","200","1700","5900","6500","4400","67400","-61500","-3600"
"6458","新晃工業","東証","20230309","日証金","確報","0","0","1000","0","100","200","800","100"
"6459","大和冷機工業","東証","20230309","日証金","確報","0","0","300","100","100","200","100","0"
"6460","セガサミーＨＤ","東証","20230309","日証金","確報","200","1700","90100","100","200","4300","85800","-1400"
"6461","日本ピストンリング","東証","20230309","日証金","確報","2300","1000","14800","0","0","0","14800","1300"
"6462","リケン","東証","20230309","日証金","確報","100","0","6600","200","0","400","6200","-100"
"6463","ＴＰＲ","東証","20230309","日証金","確報","0","500","8200","100","0","1200","7000","-600"
"6464","ツバキ・ナカシマ","東証","20230309","日証金","確報","1400","34200","48900","200","0","1100","47800","-33000"
"6465","ホシザキ","名証","20230309","日証金","確報","0","0","0","0","0","0","0","0"
"6465","ホシザキ","東証","20230309","日証金","確報","100","100","11700","600","100","39900","-28200","-500"
"6466","ＴＶＥ","東証","20230309","日証金","確報","0","0","500","0","0","0","500","0"
"6467","ニチダイ","東証","20230309","日証金","確報","100","200","2100","0","0","0","2100","-100"
"6469","放電精密加工研究所","東証","20230309","日証金","確報","0","0","2900","0","0","0","2900","0"
"6470","大豊工業","名証","20230309","日証金","確報","0","0","0","0","0","0","0","0"
"6470","大豊工業","東証","20230309","日証金","確報","0","0","14900","0","0","6600","8300","0"
"6471","日本精工","東証","20230309","日証金","確報","1000","21400","104700","100","2800","139500","-34800","-17700"
"6472","ＮＴＮ","東証","20230309","日証金","確報","849600","72200","1100200","36500","349700","361300","738900","1090600"
"6473","ジェイテクト","名証","20230309","日証金","確報","0","0","0","0","0","0","0","0"
"6473","ジェイテクト","東証","20230309","日証金","確報","0","1000","13400","3800","7400","60800","-47400","2600"
"6474","不二越","東証","20230309","日証金","確報","0","300","3600","0","0","500","3100","-300"
"6479","ミネベアミツミ","東証","20230309","日証金","確報","0","29800","21900","16400","900","67200","-45300","-45300"
"6480","日本トムソン","東証","20230309","日証金","確報","1600","1700","31900","8500","0","9500","22400","-8600"
"6481","ＴＨＫ","東証","20230309","日証金","確報","500","0","6900","600","12800","62000","-55100","12700"
"6482","ユーシン精機","東証","20230309","日証金","確報","0","700","6300","0","0","200","6100","-700"
"6484","ケーブイケー","東証","20230309","日証金","確報","0","0","800","0","0","0","800","0"
"6485","前澤給装工業","東証","20230309","日証金","確報","0","0","1900","200","0","5600","-3700","-200"
"6486","イーグル工業","東証","20230309","日証金","確報","1900","300","10300","0","0","0","10300","1600"
"6488","ヨシタケ","東証","20230309","日証金","確報","300","100","1000","0","0","0","1000","200"
"6489","前澤工業","東証","20230309","日証金","確報","300","0","1500","1400","0","1500","0","-1100"
"6490","日本ピラー工業","東証","20230309","日証金","確報","0","900","2000","200","100","3000","-1000","-1000"
"6492","岡野バルブ製造","東証","20230309","日証金","確報","0","0","3000","0","0","0","3000","0"
"6492","岡野バルブ製造","福証","20230309","日証金","確報","0","0","0","0","0","0","0","0"
"6493","ＮＩＴＴＡＮ","東証","20230309","日証金","確報","0","300","9600","0","0","0","9600","-300"
"6494","ＮＦＫＨＤ","東証","20230309","日証金","確報","2800","2900","123800","0","0","0","123800","-100"
"6495","宮入バルブ製作所","東証","20230309","日証金","確報","300","0","26000","0","0","0","26000","300"
"6496","中北製作所","東証","20230309","日証金","確報","0","0","1100","0","0","0","1100","0"
"6497","ハマイ","東証","20230309","日証金","確報","0","0","3500","0","0","0","3500","0"
"6498","キッツ","東証","20230309","日証金","確報","0","2600","12200","2000","0","3600","8600","-4600"
"6501","日立製作所","名証","20230309","日証金","確報","0","0","0","0","0","0","0","0"
"6501","日立製作所","東証","20230309","日証金","確報","1100","9000","25100","0","2700","13800","11300","-5200"
"6502","東芝","名証","20230309","日証金","確報","0","0","0","0","0","0","0","0"
"6502","東芝","東証","20230309","日証金","確報","8300","6900","850100","0","0","0","850100","1400"
"6503","三菱電機","東証","20230309","日証金","確報","0","800","31500","7800","32900","528900","-497400","24300"
"6504","富士電機","名証","20230309","日証金","確報","0","0","0","0","0","0","0","0"
"6504","富士電機","東証","20230309","日証金","確報","1900","2100","36100","1300","0","14100","22000","-1500"
"6504","富士電機","福証","20230309","日証金","確報","0","0","0","0","0","0","0","0"
"6505","東洋電機製造","東証","20230309","日証金","確報","0","0","3400","0","0","300","3100","0"
"6506","安川電機","東証","20230309","日証金","確報","200","100","7600","10200","30900","582900","-575300","20800"
"6506","安川電機","福証","20230309","日証金","確報","0","0","0","0","0","0","0","0"
"6507","シンフォニアテクノ","東証","20230309","日証金","確報","3500","200","34100","0","0","0","34100","3300"
"6508","明電舎","名証","20230309","日証金","確報","0","0","0","0","0","0","0","0"
"6508","明電舎","東証","20230309","日証金","確報","0","300","5000","800","400","900","4100","-700"
"6513","オリジン","東証","20230309","日証金","確報","0","300","3000","0","0","0","3000","-300"
"6516","山洋電気","東証","20230309","日証金","確報","300","100","8100","0","0","0","8100","200"
"6517","デンヨー","東証","20230309","日証金","確報","0","300","2100","100","200","100","2000","-200"
"6518","三相電機","東証","20230309","日証金","確報","300","0","1500","0","0","0","1500","300"
"6521","オキサイド","東証","20230309","日証金","確報","100","900","20600","0","0","0","20600","-800"
"6522","アスタリスク","東証","20230309","日証金","確報","200","500","10800","0","0","0","10800","-300"
"6523","ＰＨＣＨＤ","東証","20230309","日証金","確報","0","0","24800","0","0","0","24800","0"
"6524","湖北工業","東証","20230309","日証金","確報","2000","2000","150100","0","0","150100","0","0"
"6526","ソシオネクスト","東証","20230309","日証金","確報","5700","18900","48100","0","0","0","48100","-13200"
"6532","ベイカレント","東証","20230309","日証金","確報","1800","6800","21900","46600","5300","357700","-335800","-46300"
"6533","オーケストラＨＤ","東証","20230309","日証金","確報","500","0","4800","0","0","0","4800","500"
"6535","アイモバイル","東証","20230309","日証金","確報","200","600","5200","0","0","200","5000","-400"
"6537","ＷＡＳＨハウス","東証","20230309","日証金","確報","59800","12000","78700","100","7500","35600","43100","55200"
"6537","ＷＡＳＨハウス","福証","20230309","日証金","確報","0","0","0","0","0","0","0","0"
"6538","キャリアインデックス","東証","20230309","日証金","確報","200","100","29800","0","0","300","29500","100"
"6539","ＭＳ－Ｊａｐａｎ","東証","20230309","日証金","確報","0","600","18800","0","0","15100","3700","-600"
"6540","船場","東証","20230309","日証金","確報","0","0","2600","0","0","300","2300","0"
"6542","ＦＣホールディングス","東証","20230309","日証金","確報","100","0","31000","0","0","100","30900","100"
"6543","日宣","東証","20230309","日証金","確報","0","0","900","0","0","0","900","0"
"6544","ＪＥＳＨＤ","東証","20230309","日証金","確報","9500","4000","16300","500","800","21700","-5400","5800"
"6545","ＩＩＦ","東証","20230309","日証金","確報","0","0","7300","0","0","100","7200","0"
"6546","フルテック","札証","20230309","日証金","確報","0","0","0","0","0","0","0","0"
"6546","フルテック","東証","20230309","日証金","確報","0","0","200","0","0","0","200","0"
"6547","グリーンズ","名証","20230309","日証金","確報","0","0","0","0","0","0","0","0"
"6547","グリーンズ","東証","20230309","日証金","確報","200","100","15200","0","0","0","15200","100"
"6549","ディーエムソリュ","東証","20230309","日証金","確報","0","0","1100","0","0","0","1100","0"
"6550","Ｕｎｉｐｏｓ","東証","20230309","日証金","確報","10800","12500","42300","0","0","0","42300","-1700"
"6551","ツナグＧＨＤ","東証","20230309","日証金","確報","15700","17000","95500","900","2200","95500","0","0"
"6552","ＧａｍｅＷｉｔｈ","東証","20230309","日証金","確報","300","7900","60200","500","0","55500","4700","-8100"
"6554","エスユーエス","東証","20230309","日証金","確報","1200","200","22400","0","0","0","22400","1000"
"6555","ＭＳコンサル","東証","20230309","日証金","確報","0","0","5300","0","0","0","5300","0"
"6556","ウェルビー","東証","20230309","日証金","確報","600","0","33100","300","0","2600","30500","300"
"6557","ＡＩＡＩグループ","東証","20230309","日証金","確報","0","500","10400","0","0","0","10400","-500"
"6558","クックビズ","東証","20230309","日証金","確報","0","0","5500","0","0","0","5500","0"
"6560","エル・ティー・エス","東証","20230309","日証金","確報","0","400","5300","0","0","900","4400","-400"
"6561","ＨＡＮＡＴＯＵＲ","東証","20230309","日証金","確報","500","500","15700","0","0","0","15700","0"
"6562","ジーニー","東証","20230309","日証金","確報","900","6200","23800","200","1200","7400","16400","-4300"
"6563","みらいワークス","東証","20230309","日証金","確報","0","0","5900","0","100","2600","3300","100"
"6564","ミダックＨＤ","名証","20230309","日証金","確報","0","0","0","0","0","0","0","0"
"6564","ミダックＨＤ","東証","20230309","日証金","確報","0","0","3300","0","0","0","3300","0"
"6565","ＡＢホテル","名証","20230309","日証金","確報","0","0","0","0","0","0","0","0"
"6565","ＡＢホテル","東証","20230309","日証金","確報","1200","2100","7000","0","0","0","7000","-900"
"6566","要興業","東証","20230309","日証金","確報","0","0","8100","0","0","0","8100","0"
"6567","ＳＥＲＩＯＨＤ","東証","20230309","日証金","確報","0","900","7600","0","0","0","7600","-900"
"6568","神戸天然物化学","東証","20230309","日証金","確報","200","8200","14300","0","0","0","14300","-8000"
"6569","日総工産","東証","20230309","日証金","確報","1400","0","14400","900","0","11500","2900","500"
"6570","共和コーポレーション","東証","20230309","日証金","確報","200","200","1900","0","0","1900","0","0"
"6571","キュービーネットＨＤ","東証","20230309","日証金","確報","0","0","28900","0","0","0","28900","0"
"6572","ＲＰＡ","東証","20230309","日証金","確報","0","3300","26500","0","0","0","26500","-3300"
"6574","コンヴァノ","東証","20230309","日証金","確報","0","300","400","0","0","0","400","-300"
"6577","ベストワンドットコム","東証","20230309","日証金","確報","400","200","8100","0","0","0","8100","200"
"6578","エヌリンクス","東証","20230309","日証金","確報","0","0","11100","0","0","0","11100","0"
"6579","ログリー","東証","20230309","日証金","確報","0","500","13900","0","0","0","13900","-500"
"6580","ライトアップ","東証","20230309","日証金","確報","0","0","9000","0","0","0","9000","0"
"6584","三櫻工業","東証","20230309","日証金","確報","1300","1700","18800","500","900","18800","0","0"
"6586","マキタ","名証","20230309","日証金","確報","0","0","0","0","0","0","0","0"
"6586","マキタ","東証","20230309","日証金","確報","2100","2500","21600","300","600","8300","13300","-100"
"6588","東芝テック","東証","20230309","日証金","確報","0","200","200","200","0","200","0","-400"
"6590","芝浦メカトロニクス","東証","20230309","日証金","確報","3800","400","7700","2400","7500","60900","-53200","8500"
"6592","マブチモーター","東証","20230309","日証金","確報","100","100","2600","400","0","400","2200","-400"
"6594","日本電産","東証","20230309","日証金","確報","900","6900","331100","2600","0","2600","328500","-8600"
"6597","ＨＰＣシステムズ","東証","20230309","日証金","確報","300","500","10700","0","0","0","10700","-200"
"6599","エブレン","東証","20230309","日証金","確報","0","0","2300","0","0","0","2300","0"
"6612","バルミューダ","東証","20230309","日証金","確報","0","0","900","0","0","0","900","0"
"6613","ＱＤレーザ","東証","20230309","日証金","確報","3800","12800","161600","0","0","0","161600","-9000"
"6614","シキノハイテック","東証","20230309","日証金","確報","1700","2800","6200","0","0","0","6200","-1100"
"6615","ＵＭＣエレ","東証","20230309","日証金","確報","0","100","16000","0","0","2000","14000","-100"
"6616","トレックス・セミコン","東証","20230309","日証金","確報","4100","1200","23400","0","0","0","23400","2900"
"6617","東光高岳","東証","20230309","日証金","確報","9200","1200","38500","0","2600","0","38500","10600"
"6618","大泉製作所","東証","20230309","日証金","確報","14400","3200","23700","0","0","0","23700","11200"
"6619","ダブル・スコープ","東証","20230309","日証金","確報","191400","107200","2152400","8500","0","2076700","75700","75700"
"6620","宮越ホールディングス","東証","20230309","日証金","確報","0","0","8600","0","0","0","8600","0"
"6622","ダイヘン","東証","20230309","日証金","確報","100","500","3600","0","0","300","3300","-400"
"6622","ダイヘン","福証","20230309","日証金","確報","0","0","0","0","0","0","0","0"
"6623","愛知電機","名証","20230309","日証金","確報","0","0","4600","0","0","0","4600","0"
"6625","ＪＡＬＣＯ　ＨＤ","東証","20230309","日証金","確報","36600","800","525700","0","0","3000","522700","35800"
"6626","ＳＥＭＩＴＥＣ","東証","20230309","日証金","確報","500","0","18500","0","0","0","18500","500"
"6627","テラプローブ","東証","20230309","日証金","確報","800","0","8400","0","0","0","8400","800"
"6629","テクノホライゾン","東証","20230309","日証金","確報","0","700","77400","0","0","2000","75400","-700"
"6630","ヤーマン","東証","20230309","日証金","確報","4900","100","52600","0","100","500","52100","4900"
"6632","ＪＶＣケンウッド","東証","20230309","日証金","確報","1300","1400","584700","6800","600","187600","397100","-6300"
"6633","Ｃ＆Ｇシステムズ","東証","20230309","日証金","確報","0","200","13300","0","0","0","13300","-200"
"6634","ネクスグループ","東証","20230309","日証金","確報","500","50500","123700","0","0","0","123700","-50000"
"6635","大日光・エンジニア","東証","20230309","日証金","確報","500","500","1300","700","0","2000","-700","-700"
"6637","寺崎電気産業","東証","20230309","日証金","確報","100","0","3700","0","0","0","3700","100"
"6638","ミマキエンジニア","東証","20230309","日証金","確報","100","0","19700","0","100","6300","13400","200"
"6640","Ｉ－ＰＥＸ","東証","20230309","日証金","確報","0","700","12100","0","1200","700","11400","500"
"6641","日新電機","東証","20230309","日証金","確報","600","1700","4600","0","400","200","4400","-700"
"6643","戸上電機製作所","東証","20230309","日証金","確報","0","0","800","0","0","400","400","0"
"6644","大崎電気工業","東証","20230309","日証金","確報","0","0","5600","0","0","200","5400","0"
"6645","オムロン","東証","20230309","日証金","確報","200","1100","9800","6600","2400","39100","-29300","-5100"
"6647","森尾電機","東証","20230309","日証金","確報","0","0","800","0","0","0","800","0"
"6648","かわでん","東証","20230309","日証金","確報","0","0","200","0","0","0","200","0"
"6651","日東工業","名証","20230309","日証金","確報","0","0","0","0","0","0","0","0"
"6651","日東工業","東証","20230309","日証金","確報","700","900","20400","200","200","6900","13500","-200"
"6652","ＩＤＥＣ","東証","20230309","日証金","確報","500","400","2800","300","200","2800","0","0"
"6653","正興電機製作所","東証","20230309","日証金","確報","100","500","8100","100","0","100","8000","-500"
"6653","正興電機製作所","福証","20230309","日証金","確報","0","0","0","0","0","0","0","0"
"6654","不二電機工業","東証","20230309","日証金","確報","5300","300","14600","100","0","60100","-45500","4900"
"6655","東洋電機","名証","20230309","日証金","確報","0","0","0","0","0","0","0","0"
"6656","インスペック","東証","20230309","日証金","確報","3200","500","47100","200","0","47300","-200","2500"
"6658","シライ電子工業","東証","20230309","日証金","確報","3600","0","61600","0","0","0","61600","3600"
"6659","メディアリンクス","東証","20230309","日証金","確報","33800","100","1187100","0","0","0","1187100","33700"
"6662","ユビテック","東証","20230309","日証金","確報","800","1800","702000","0","0","0","702000","-1000"
"6663","太洋工業","東証","20230309","日証金","確報","300","0","4100","0","0","0","4100","300"
"6664","オプトエレク","東証","20230309","日証金","確報","0","700","20200","0","700","20200","0","0"
"6666","リバーエレテック","東証","20230309","日証金","確報","1400","0","27600","0","0","0","27600","1400"
"6668","アドテックプラズマ","東証","20230309","日証金","確報","0","100","26900","0","0","0","26900","-100"
"6670","ＭＣＪ","東証","20230309","日証金","確報","800","800","13900","0","1200","5900","8000","1200"
"6674","ジーエス・ユアサ","東証","20230309","日証金","確報","1500","2000","9000","3100","100","7800","1200","-3500"
"6675","サクサＨＤ","東証","20230309","日証金","確報","400","200","14500","800","600","14500","0","0"
"6676","メルコＨＤ","名証","20230309","日証金","確報","0","0","0","0","0","0","0","0"
"6676","メルコＨＤ","東証","20230309","日証金","確報","1200","100","12100","0","0","0","12100","1100"
"6677","エスケーエレク","東証","20230309","日証金","確報","200","0","19500","0","0","0","19500","200"
"6678","テクノメディカ","東証","20230309","日証金","確報","0","0","1200","0","0","0","1200","0"
"6694","ズーム","東証","20230309","日証金","確報","0","0","800","0","0","0","800","0"
"6696","トラースＯＰ","東証","20230309","日証金","確報","1100","0","16700","0","0","0","16700","1100"
"6697","テックポイント","東証","20230309","日証金","確報","400","0","206000","0","0","0","206000","400"
"6698","ＶｉＳＣＯＴＥＣ","東証","20230309","日証金","確報","100","0","6000","0","0","0","6000","100"
"6699","ダイヤＨＤ","東証","20230309","日証金","確報","900","300","30100","0","0","0","30100","600"
"6701","日本電気","東証","20230309","日証金","確報","0","10800","27600","7800","0","7900","19700","-18600"
"6702","富士通","名証","20230309","日証金","確報","0","0","0","0","0","0","0","0"
"6702","富士通","東証","20230309","日証金","確報","2700","100","15200","1100","2400","32000","-16800","3900"
"6703","沖電気工業","東証","20230309","日証金","確報","2300","0","69600","1100","0","5400","64200","1200"
"6704","岩崎通信機","東証","20230309","日証金","確報","0","200","2200","0","100","800","1400","-100"
"6706","電気興業","東証","20230309","日証金","確報","0","0","59100","0","0","300","58800","0"
"6707","サンケン電気","東証","20230309","日証金","確報","1200","1900","4400","13800","3700","98600","-94200","-10800"
"6715","ナカヨ","東証","20230309","日証金","確報","0","200","3400","0","2400","4800","-1400","2200"
"6718","アイホン","名証","20230309","日証金","確報","0","0","0","0","0","0","0","0"
"6718","アイホン","東証","20230309","日証金","確報","100","200","900","0","100","900","0","0"
"6721","ウインテスト","東証","20230309","日証金","確報","33000","100","119800","0","0","0","119800","32900"
"6723","ルネサスエレク","東証","20230309","日証金","確報","6400","85900","188000","68500","81500","340300","-152300","-66500"
"6724","セイコーエプソン","東証","20230309","日証金","確報","1200","5500","21700","0","300","4500","17200","-4000"
"6727","ワコム","東証","20230309","日証金","確報","0","10600","69500","400","0","3000","66500","-11000"
"6728","アルバック","東証","20230309","日証金","確報","2600","200","11700","100","0","3100","8600","2300"
"6730","アクセル","東証","20230309","日証金","確報","5300","0","48500","1300","0","37600","10900","4000"
"6731","ピクセラ","東証","20230309","日証金","確報","97500","0","326300","0","0","0","326300","97500"
"6734","ニューテック","東証","20230309","日証金","確報","0","0","22000","0","0","0","22000","0"
"6736","サン電子","東証","20230309","日証金","確報","2400","200","7000","0","400","900","6100","2600"
"6737","ＥＩＺＯ","東証","20230309","日証金","確報","0","1000","3400","100","0","1200","2200","-1100"
"6740","ジャパンディスプレイ","東証","20230309","日証金","確報","49300","0","2215700","970900","54200","1798900","416800","-867400"
"6741","日本信号","東証","20230309","日証金","確報","2000","4900","3300","1000","0","1700","1600","-3900"
"6742","京三製作所","東証","20230309","日証金","確報","900","0","5900","0","500","100","5800","1400"
"6743","大同信号","東証","20230309","日証金","確報","0","0","100","0","0","0","100","0"
"6744","能美防災","東証","20230309","日証金","確報","600","300","1300","0","0","1000","300","300"
"6745","ホーチキ","東証","20230309","日証金","確報","300","200","1800","100","0","1600","200","0"
"6748","星和電機","東証","20230309","日証金","確報","500","0","7200","0","0","100","7100","500"
"6750","エレコム","東証","20230309","日証金","確報","0","2700","10200","0","0","2900","7300","-2700"
"6752","パナソニックＨＤ","名証","20230309","日証金","確報","0","0","200","0","0","0","200","0"
"6752","パナソニックＨＤ","東証","20230309","日証金","確報","10100","32800","56500","2500","100","2700","53800","-25100"
"6753","シャープ","東証","20230309","日証金","確報","12300","5100","360100","0","50700","1288700","-928600","57900"
"6754","アンリツ","東証","20230309","日証金","確報","5400","0","105100","0","0","2400","102700","5400"
"6755","富士通ゼネラル","東証","20230309","日証金","確報","800","15800","1015900","13600","1200","40400","975500","-27400"
"6757","ＯＳＧコーポ","東証","20230309","日証金","確報","0","0","2900","0","0","0","2900","0"
"6758","ソニーグループ","東証","20230309","日証金","確報","3700","4700","75400","4300","28000","128800","-53400","22700"
"6762","ＴＤＫ","東証","20230309","日証金","確報","1100","100","22500","4500","0","14900","7600","-3500"
"6763","帝国通信工業","東証","20230309","日証金","確報","0","100","400","200","0","2200","-1800","-300"
"6768","タムラ製作所","東証","20230309","日証金","確報","12100","15300","199200","0","0","0","199200","-3200"
"6769","ザインエレク","東証","20230309","日証金","確報","0","300","12900","0","0","0","12900","-300"
"6770","アルプスアルパイン","東証","20230309","日証金","確報","27100","10000","120600","500","800","81900","38700","17400"
"6771","池上通信機","東証","20230309","日証金","確報","500","1000","9100","0","100","0","9100","-400"
"6772","東京コスモス電機","東証","20230309","日証金","確報","0","200","4300","0","0","0","4300","-200"
"6775","ＴＢグループ","東証","20230309","日証金","確報","200","0","90400","0","0","0","90400","200"
"6776","天昇電気工業","東証","20230309","日証金","確報","400","0","4100","0","0","0","4100","400"
"6777","ｓａｎｔｅｃ","東証","20230309","日証金","確報","2700","300","26300","0","0","0","26300","2400"
"6778","アルチザＮＷ","東証","20230309","日証金","確報","2200","300","19200","3200","0","3200","16000","-1300"
"6779","日本電波工業","東証","20230309","日証金","確報","1000","1700","116000","0","0","0","116000","-700"
"6785","鈴木","東証","20230309","日証金","確報","0","0","19700","100","0","7800","11900","-100"
"6786","ＲＶＨ","東証","20230309","日証金","確報","0","0","1100","0","0","0","1100","0"
"6787","メイコー","東証","20230309","日証金","確報","400","900","12600","0","0","400","12200","-500"
"6788","日本トリム","東証","20230309","日証金","確報","600","200","4700","400","0","4700","0","0"
"6789","ローランドＤＧ","東証","20230309","日証金","確報","500","1500","5200","0","1000","5200","0","0"
"6794","フォスター電機","東証","20230309","日証金","確報","3500","1200","15200","400","300","11100","4100","2200"
"6797","名古屋電機工業","名証","20230309","日証金","確報","8000","0","58700","0","0","0","58700","8000"
"6798","ＳＭＫ","東証","20230309","日証金","確報","0","0","4300","0","0","100","4200","0"
"6800","ヨコオ","東証","20230309","日証金","確報","0","500","15400","0","3100","500","14900","2600"
"6803","ティアック","東証","20230309","日証金","確報","0","6600","95600","0","0","100","95500","-6600"
"6804","ホシデン","東証","20230309","日証金","確報","1100","800","24000","1000","1000","6400","17600","300"
"6806","ヒロセ電機","東証","20230309","日証金","確報","0","100","1500","0","0","0","1500","-100"
"6807","日本航空電子工業","東証","20230309","日証金","確報","900","1200","2200","300","0","2200","0","-600"
"6809","ティーオーエー","東証","20230309","日証金","確報","0","100","4900","2000","0","2000","2900","-2100"
"6810","マクセル","東証","20230309","日証金","確報","3700","100","5900","900","0","3200","2700","2700"
"6814","古野電気","東証","20230309","日証金","確報","1000","500","10900","0","0","0","10900","500"
"6817","スミダコーポ","東証","20230309","日証金","確報","400","12700","24100","2200","100","4200","19900","-14400"
"6819","伊豆シャボテン","東証","20230309","日証金","確報","20300","0","64900","0","0","0","64900","20300"
"6820","アイコム","東証","20230309","日証金","確報","400","1300","600","0","1500","0","600","600"
"6822","大井電気","東証","20230309","日証金","確報","0","0","0","0","0","0","0","0"
"6823","リオン","東証","20230309","日証金","確報","0","200","900","0","0","0","900","-200"
"6824","新コスモス電機","東証","20230309","日証金","確報","0","0","100","0","0","0","100","0"
"6832","アオイ電子","東証","20230309","日証金","確報","0","0","2800","0","0","0","2800","0"
"6834","精工技研","東証","20230309","日証金","確報","0","0","2100","0","0","0","2100","0"
"6835","アライドテレシスＨＤ","東証","20230309","日証金","確報","0","0","104400","0","0","0","104400","0"
"6836","ぷらっとホーム","東証","20230309","日証金","確報","0","0","200","0","0","0","200","0"
"6837","京写","東証","20230309","日証金","確報","800","0","56200","0","0","0","56200","800"
"6838","多摩川ＨＤ","東証","20230309","日証金","確報","0","0","16800","0","0","0","16800","0"
"6840","ＡＫＩＢＡＨＤ","東証","20230309","日証金","確報","0","600","60000","0","0","0","60000","-600"
"6841","横河電機","東証","20230309","日証金","確報","0","300","5500","0","0","700","4800","-300"
"6844","新電元工業","東証","20230309","日証金","確報","100","1500","10800","0","500","2000","8800","-900"
"6845","アズビル","東証","20230309","日証金","確報","0","1100","3900","0","0","100","3800","-1100"
"6846","中央製作所","名証","20230309","日証金","確報","0","0","300","0","0","0","300","0"
"6848","東亜ディーケーケー","東証","20230309","日証金","確報","0","0","2300","0","0","1100","1200","0"
"6849","日本光電工業","東証","20230309","日証金","確報","0","100","1400","200","0","19200","-17800","-300"
"6850","チノー","東証","20230309","日証金","確報","400","0","4800","100","0","1000","3800","300"
"6853","共和電業","東証","20230309","日証金","確報","100","0","14100","0","0","400","13700","100"
"6855","日本電子材料","東証","20230309","日証金","確報","0","6500","5300","600","500","5000","300","-6600"
"6856","堀場製作所","東証","20230309","日証金","確報","200","0","2200","400","900","37500","-35300","700"
"6857","アドバンテスト","東証","20230309","日証金","確報","400","5700","9700","21700","25100","647800","-638100","-1900"
"6858","小野測器","東証","20230309","日証金","確報","0","3200","44000","0","0","0","44000","-3200"
"6859","エスペック","東証","20230309","日証金","確報","0","0","600","0","0","0","600","0"
"6861","キーエンス","東証","20230309","日証金","確報","100","1700","5900","7400","1000","59500","-53600","-8000"
"6862","ミナトＨＤ","東証","20230309","日証金","確報","200","100","34300","0","0","0","34300","100"
"6863","ニレコ","東証","20230309","日証金","確報","0","500","9800","0","0","0","9800","-500"
"6864","エヌエフＨＤ","東証","20230309","日証金","確報","500","600","12200","0","0","0","12200","-100"
"6866","日置電機","東証","20230309","日証金","確報","100","0","2600","300","100","4700","-2100","-100"
"6867","リーダー電子","東証","20230309","日証金","確報","0","0","4400","0","0","0","4400","0"
"6869","シスメックス","東証","20230309","日証金","確報","200","2600","7200","100","0","100","7100","-2500"
"6870","日本フェンオール","東証","20230309","日証金","確報","0","0","200","0","0","0","200","0"
"6871","日本マイクロニクス","東証","20230309","日証金","確報","11900","2000","22300","9900","0","22300","0","0"
"6874","協立電機","東証","20230309","日証金","確報","500","0","21700","0","0","0","21700","500"
"6875","メガチップス","東証","20230309","日証金","確報","0","800","9500","0","0","500","9000","-800"
"6877","ＯＢＡＲＡＧ","東証","20230309","日証金","確報","0","100","2500","0","0","100","2400","-100"
"6879","ＩＭＡＧＩＣＡ　Ｇ","東証","20230309","日証金","確報","0","2900","69300","0","0","0","69300","-2900"
"6881","キョウデン","東証","20230309","日証金","確報","9300","9300","100000","0","0","100000","0","0"
"6882","三社電機製作所","東証","20230309","日証金","確報","0","2300","8600","0","600","1400","7200","-1700"
"6888","アクモス","東証","20230309","日証金","確報","0","0","2900","0","0","0","2900","0"
"6890","フェローテック","東証","20230309","日証金","確報","65300","5600","191500","0","2000","35500","156000","61700"
"6894","パルステック工業","東証","20230309","日証金","確報","0","0","200","0","0","0","200","0"
"6897","ツインバード","東証","20230309","日証金","確報","200","0","2400","0","0","0","2400","200"
"6898","トミタ電機","東証","20230309","日証金","確報","2500","800","9500","0","0","0","9500","1700"
"6899","ＡＳＴＩ","東証","20230309","日証金","確報","200","0","5300","0","0","0","5300","200"
"6901","澤藤電機","東証","20230309","日証金","確報","0","100","4700","0","0","400","4300","-100"
"6902","デンソー","名証","20230309","日証金","確報","0","0","0","0","0","0","0","0"
"6902","デンソー","東証","20230309","日証金","確報","0","400","25900","5500","2000","16100","9800","-3900"
"6904","原田工業","東証","20230309","日証金","確報","0","100","2800","0","0","0","2800","-100"
"6905","コーセル","東証","20230309","日証金","確報","0","0","13900","0","500","17500","-3600","500"
"6907","ジオマテック","東証","20230309","日証金","確報","0","200","4500","0","0","0","4500","-200"
"6908","イリソ電子工業","東証","20230309","日証金","確報","0","600","1300","100","100","1300","0","-600"
"6912","菊水ホールディングス","東証","20230309","日証金","確報","0","0","1200","0","0","0","1200","0"
"6914","オプテックスグループ","東証","20230309","日証金","確報","200","0","3900","0","0","1000","2900","200"
"6915","千代田インテグレ","東証","20230309","日証金","確報","1500","200","9500","100","0","100","9400","1200"
"6918","アバールデータ","東証","20230309","日証金","確報","100","400","16900","0","0","0","16900","-300"
"6919","ケル","東証","20230309","日証金","確報","3600","0","6200","200","0","400","5800","3400"
"6920","レーザーテック","東証","20230309","日証金","確報","100","29600","165100","14300","100","99300","65800","-43700"
"6923","スタンレー電気","東証","20230309","日証金","確報","0","5600","3300","100","2200","7000","-3700","-3500"
"6924","岩崎電気","東証","20230309","日証金","確報","0","600","1100","0","0","0","1100","-600"
"6925","ウシオ電機","東証","20230309","日証金","確報","200","1500","32400","0","0","0","32400","-1300"
"6926","岡谷電機産業","東証","20230309","日証金","確報","4000","900","7200","400","0","4500","2700","2700"
"6927","ヘリオステクノＨＤ","東証","20230309","日証金","確報","1200","200","181400","0","0","0","181400","1000"
"6928","エノモト","東証","20230309","日証金","確報","200","1000","7500","0","0","0","7500","-800"
"6929","日本セラミック","東証","20230309","日証金","確報","200","1200","8400","100","1100","8400","0","0"
"6930","日本アンテナ","東証","20230309","日証金","確報","0","0","100","0","0","0","100","0"
"6932","遠藤照明","東証","20230309","日証金","確報","0","1000","14400","800","200","1300","13100","-1600"
"6937","古河電池","東証","20230309","日証金","確報","400","0","20100","0","0","0","20100","400"
"6938","双信電機","東証","20230309","日証金","確報","1000","0","23100","0","0","0","23100","1000"
"6941","山一電機","東証","20230309","日証金","確報","100","8200","40600","1000","300","1300","39300","-8800"
"6942","ソフィアＨＤ","東証","20230309","日証金","確報","0","0","2500","0","0","0","2500","0"
"6943","ＮＫＫスイッチズ","東証","20230309","日証金","確報","0","0","0","0","0","0","0","0"
"6946","日本アビオニクス","東証","20230309","日証金","確報","100","400","2900","0","0","0","2900","-300"
"6947","図研","東証","20230309","日証金","確報","0","100","700","100","0","900","-200","-200"
"6951","日本電子","東証","20230309","日証金","確報","1200","200","93600","0","0","0","93600","1000"
"6952","カシオ計算機","東証","20230309","日証金","確報","0","9500","24200","1800","2700","36000","-11800","-8600"
"6954","ファナック","東証","20230309","日証金","確報","100","400","8200","9400","1700","125900","-117700","-8000"
"6955","エフ・ディー・ケイ","東証","20230309","日証金","確報","1100","0","11200","0","0","0","11200","1100"
"6957","芝浦電子","東証","20230309","日証金","確報","600","600","2300","200","0","2300","0","-200"
"6958","日本シイエムケイ","東証","20230309","日証金","確報","1100","0","53500","0","0","400","53100","1100"
"6960","フクダ電子","東証","20230309","日証金","確報","100","0","1400","0","0","200","1200","100"
"6961","エンプラス","東証","20230309","日証金","確報","100","500","6700","500","0","2000","4700","-900"
"6962","大真空","東証","20230309","日証金","確報","1300","700","79700","0","0","1400","78300","600"
"6963","ローム","東証","20230309","日証金","確報","0","12100","32800","100","0","900","31900","-12200"
"6964","サンコー","東証","20230309","日証金","確報","0","0","200","0","0","0","200","0"
"6965","浜松ホトニクス","東証","20230309","日証金","確報","0","1400","12600","400","0","500","12100","-1800"
"6966","三井ハイテック","東証","20230309","日証金","確報","71000","4700","261400","100","900","354700","-93300","67100"
"6966","三井ハイテック","福証","20230309","日証金","確報","0","0","0","0","0","0","0","0"
"6967","新光電気工業","東証","20230309","日証金","確報","200","6500","81000","800","0","7600","73400","-7100"
"6969","松尾電機","東証","20230309","日証金","確報","100","600","9300","0","0","0","9300","-500"
"6971","京セラ","東証","20230309","日証金","確報","200","900","19700","0","2800","400","19300","2100"
"6973","協栄産業","東証","20230309","日証金","確報","0","1200","2100","0","0","0","2100","-1200"
"6976","太陽誘電","東証","20230309","日証金","確報","0","2900","39600","3300","1200","28200","11400","-5000"
"6977","日本抵抗器製作所","東証","20230309","日証金","確報","1000","0","15100","0","0","0","15100","1000"
"6981","村田製作所","東証","20230309","日証金","確報","900","4000","46500","52800","0","63800","-17300","-55900"
"6982","リード","東証","20230309","日証金","確報","200","0","9500","0","0","0","9500","200"
"6986","双葉電子工業","東証","20230309","日証金","確報","500","1500","27800","0","0","2500","25300","-1000"
"6988","日東電工","東証","20230309","日証金","確報","200","1300","8800","1800","200","28200","-19400","-2700"
"6989","北陸電気工業","東証","20230309","日証金","確報","0","1000","5300","0","100","100","5200","-900"
"6993","大黒屋ＨＤ","東証","20230309","日証金","確報","243100","189900","1553200","0","0","1500000","53200","53200"
"6994","指月電機製作所","東証","20230309","日証金","確報","0","0","5900","0","0","0","5900","0"
"6995","東海理化電機製作所","名証","20230309","日証金","確報","0","0","0","0","0","0","0","0"
"6995","東海理化電機製作所","東証","20230309","日証金","確報","2800","1100","5100","200","0","300","4800","1500"
"6996","ニチコン","東証","20230309","日証金","確報","0","19800","109400","0","0","0","109400","-19800"
"6997","日本ケミコン","東証","20230309","日証金","確報","200","800","52900","12000","1400","164800","-111900","-11200"
"6998","日本タングステン","東証","20230309","日証金","確報","0","0","3100","0","0","0","3100","0"
"6998","日本タングステン","福証","20230309","日証金","確報","0","0","0","0","0","0","0","0"
"6999","コーア","名証","20230309","日証金","確報","0","0","0","0","0","0","0","0"
"6999","コーア","東証","20230309","日証金","確報","2000","10000","35100","0","0","0","35100","-8000"
"7003","三井Ｅ＆Ｓ","東証","20230309","日証金","確報","500","6600","64700","0","12100","27000","37700","6000"
"7004","日立造船","東証","20230309","日証金","確報","12600","8400","82800","5500","1300","82800","0","0"
"7011","三菱重工業","名証","20230309","日証金","確報","0","0","0","0","0","0","0","0"
"7011","三菱重工業","札証","20230309","日証金","確報","0","0","0","0","0","0","0","0"
"7011","三菱重工業","東証","20230309","日証金","確報","1100","15900","157300","15400","200","36000","121300","-30000"
"7011","三菱重工業","福証","20230309","日証金","確報","0","0","0","0","0","0","0","0"
"7012","川崎重工業","名証","20230309","日証金","確報","0","0","0","0","0","0","0","0"
"7012","川崎重工業","東証","20230309","日証金","確報","3100","11000","97300","100","0","300","97000","-8000"
"7013","ＩＨＩ","東証","20230309","日証金","確報","600","1700","96700","3200","300","3200","93500","-4000"
"7014","名村造船所","東証","20230309","日証金","確報","4700","25200","580800","0","100","0","580800","-20400"
"7018","内海造船","東証","20230309","日証金","確報","200","400","5600","0","0","0","5600","-200"
"7021","ニッチツ","東証","20230309","日証金","確報","200","200","1500","0","0","0","1500","0"
"7022","サノヤスＨＤ","東証","20230309","日証金","確報","900","0","21700","0","2600","1400","20300","3500"
"7030","スプリックス","東証","20230309","日証金","確報","7500","100","28700","0","0","100","28600","7400"
"7031","インバウンドテック","東証","20230309","日証金","確報","300","100","20600","0","0","0","20600","200"
"7033","ＭＳＯＬ","東証","20230309","日証金","確報","200","300","46200","0","0","0","46200","-100"
"7034","プロレド","東証","20230309","日証金","確報","0","0","3300","0","0","0","3300","0"
"7035","ａｎｆａｃ","東証","20230309","日証金","確報","600","0","11000","0","900","6800","4200","1500"
"7036","イーエムネットＪ","東証","20230309","日証金","確報","0","100","800","0","0","0","800","-100"
"7037","テノ．","東証","20230309","日証金","確報","100","0","10600","0","0","0","10600","100"
"7037","テノ．","福証","20230309","日証金","確報","0","0","0","0","0","0","0","0"
"7038","フロンティアＭ","東証","20230309","日証金","確報","2300","100","8400","0","0","0","8400","2200"
"7039","ブリッジ","東証","20230309","日証金","確報","0","200","2700","0","0","400","2300","-200"
"7040","サン・ライフＨＤ","東証","20230309","日証金","確報","0","0","500","0","0","0","500","0"
"7041","ＣＲＧＨＤ","東証","20230309","日証金","確報","0","0","900","0","0","0","900","0"
"7042","アクセスグループ","東証","20230309","日証金","確報","0","0","1300","0","0","0","1300","0"
"7043","アルー","東証","20230309","日証金","確報","100","100","2600","0","0","0","2600","0"
"7044","ピアラ","東証","20230309","日証金","確報","5700","0","13800","0","0","0","13800","5700"
"7046","ＴＤＳＥ","東証","20230309","日証金","確報","100","400","5900","0","0","0","5900","-300"
"7047","ポート","東証","20230309","日証金","確報","19900","600","44500","0","0","0","44500","19300"
"7047","ポート","福証","20230309","日証金","確報","0","0","0","0","0","0","0","0"
"7048","ベルトラ","東証","20230309","日証金","確報","12100","4700","188900","12400","0","100400","88500","-5000"
"7049","識学","東証","20230309","日証金","確報","0","500","10500","0","0","0","10500","-500"
"7050","フロンティアＩ","東証","20230309","日証金","確報","200","800","7100","0","0","0","7100","-600"
"7057","エヌ・シー・エヌ","東証","20230309","日証金","確報","0","0","1900","0","0","0","1900","0"
"7058","共栄セキュリティ","東証","20230309","日証金","確報","0","0","2400","0","0","0","2400","0"
"7059","コプロＨＤ","名証","20230309","日証金","確報","0","0","0","0","0","0","0","0"
"7059","コプロＨＤ","東証","20230309","日証金","確報","0","0","7600","300","0","300","7300","-300"
"7060","ギークス","東証","20230309","日証金","確報","0","0","14800","1700","100","6500","8300","-1600"
"7061","日本ホスピス","東証","20230309","日証金","確報","100","700","14300","500","0","4200","10100","-1100"
"7062","フレアス","東証","20230309","日証金","確報","0","0","700","0","0","0","700","0"
"7063","Ｂｉｒｄｍａｎ","東証","20230309","日証金","確報","0","1500","18900","0","0","0","18900","-1500"
"7064","ハウテレビジョン","東証","20230309","日証金","確報","2900","0","7600","0","0","0","7600","2900"
"7065","ユーピーアール","東証","20230309","日証金","確報","5900","4400","36000","2900","300","37100","-1100","-1100"
"7066","ピアズ","東証","20230309","日証金","確報","1700","6600","19600","0","0","0","19600","-4900"
"7067","ブランディング","東証","20230309","日証金","確報","0","0","700","0","0","0","700","0"
"7068","ＦフォースＧ","東証","20230309","日証金","確報","100","8500","17600","1400","2000","41700","-24100","-7800"
"7069","サイバー・バズ","東証","20230309","日証金","確報","0","0","1700","0","0","0","1700","0"
"7071","アンビス","東証","20230309","日証金","確報","1000","32100","47000","415800","100","3987400","-3940400","-446800"
"7072","インテＭ","東証","20230309","日証金","確報","2000","1400","13300","0","0","0","13300","600"
"7073","ジェイック","東証","20230309","日証金","確報","300","0","500","0","0","0","500","300"
"7074","２４７","東証","20230309","日証金","確報","0","0","6200","0","0","0","6200","0"
"7076","名南Ｍ＆Ａ","名証","20230309","日証金","確報","0","0","2200","0","0","0","2200","0"
"7077","ＡＬｉＮＫ","東証","20230309","日証金","確報","200","0","1600","0","0","0","1600","200"
"7078","ＩＮＣＬＵＳＩＶＥ","東証","20230309","日証金","確報","2100","800","67000","0","0","0","67000","1300"
"7079","ＷＤＢココ","東証","20230309","日証金","確報","0","0","800","0","0","0","800","0"
"7080","スポーツフィールド","東証","20230309","日証金","確報","400","0","5800","0","0","0","5800","400"
"7081","コーユーレンティア","東証","20230309","日証金","確報","0","0","1100","0","0","0","1100","0"
"7082","ジモティー","東証","20230309","日証金","確報","400","0","7300","0","0","0","7300","400"
"7083","ＡＨＣグループ","東証","20230309","日証金","確報","0","0","800","0","0","0","800","0"
"7084","キッズスマイル","東証","20230309","日証金","確報","0","0","5800","0","0","0","5800","0"
"7085","カーブスＨＤ","東証","20230309","日証金","確報","0","4600","24400","500","0","1900","22500","-5100"
"7086","きずなＨＤ","東証","20230309","日証金","確報","100","0","4600","0","0","0","4600","100"
"7087","ウイルテック","東証","20230309","日証金","確報","0","500","7300","0","0","0","7300","-500"
"7088","フォーラムエンジニア","東証","20230309","日証金","確報","1200","100","7300","0","0","0","7300","1100"
"7089","フォースタ","東証","20230309","日証金","確報","600","0","16500","0","0","0","16500","600"
"7090","リグア","東証","20230309","日証金","確報","0","0","200","0","0","0","200","0"
"7091","ＬＰＦ","東証","20230309","日証金","確報","0","0","300","0","0","0","300","0"
"7092","ＦＦＪ","東証","20230309","日証金","確報","0","4200","10500","0","300","0","10500","-3900"
"7093","アディッシュ","東証","20230309","日証金","確報","0","200","4500","0","0","0","4500","-200"
"7094","ＮｅｘＴｏｎｅ","東証","20230309","日証金","確報","1100","600","26100","300","500","3200","22900","700"
"7095","ＭａｃｂｅｅＰ","東証","20230309","日証金","確報","600","0","5600","0","0","0","5600","600"
"7096","ステムセル研究所","東証","20230309","日証金","確報","0","0","2700","0","0","0","2700","0"
"7097","さくらさくプラス","東証","20230309","日証金","確報","300","0","16000","0","0","0","16000","300"
"7102","日本車輌製造","名証","20230309","日証金","確報","0","0","0","0","0","0","0","0"
"7102","日本車輌製造","東証","20230309","日証金","確報","200","100","1000","0","0","100","900","100"
"7105","三菱ロジスネクスト","東証","20230309","日証金","確報","900","0","9400","4700","0","13200","-3800","-3800"
"7110","クラシコム","東証","20230309","日証金","確報","0","500","8200","0","0","0","8200","-500"
"7111","ＩＮＥＳＴ","東証","20230309","日証金","確報","0","0","43600","0","0","0","43600","0"
"7112","キューブ","東証","20230309","日証金","確報","0","500","10800","0","0","0","10800","-500"
"7114","フーディソン","東証","20230309","日証金","確報","1000","0","3400","0","0","0","3400","1000"
"7115","アルファパーチェス","東証","20230309","日証金","確報","900","4800","28500","0","0","0","28500","-3900"
"7116","ダイワ通信","東証","20230309","日証金","確報","600","6300","45000","0","0","0","45000","-5700"
"7122","近畿車輛","東証","20230309","日証金","確報","500","700","5800","0","0","5800","0","-200"
"7126","グローバルスタイル","東証","20230309","日証金","確報","100","300","1500","0","0","0","1500","-200"
"7127","一家ホールディングス","東証","20230309","日証金","確報","300","0","1700","0","0","0","1700","300"
"7128","フルサト・マルカＨＤ","東証","20230309","日証金","確報","0","1400","1300","0","1700","1000","300","300"
"7129","ミアヘルサＨＤ","東証","20230309","日証金","確報","0","0","1500","0","0","0","1500","0"
"7130","ヤマエグループＨＤ","東証","20230309","日証金","確報","3200","400","9400","100","0","2300","7100","2700"
"7130","ヤマエグループＨＤ","福証","20230309","日証金","確報","0","0","0","0","0","0","0","0"
"7131","のむら産業","東証","20230309","日証金","確報","0","0","1600","0","0","0","1600","0"
"7133","ヒュウガプライマ","東証","20230309","日証金","確報","0","0","2800","0","0","0","2800","0"
"7134","クルーバー","東証","20230309","日証金","確報","0","100","1200","0","0","0","1200","-100"
"7135","ジャパンクラフトＨＤ","名証","20230309","日証金","確報","0","0","0","0","0","0","0","0"
"7135","ジャパンクラフトＨＤ","東証","20230309","日証金","確報","0","100","3500","0","0","55000","-51500","-100"
"7138","ＴＯＲＩＣＯ","東証","20230309","日証金","確報","2300","0","12300","0","0","0","12300","2300"
"7140","ペットゴー","東証","20230309","日証金","確報","200","3500","6900","0","0","0","6900","-3300"
"7148","ＦＰＧ","東証","20230309","日証金","確報","400","6900","96800","0","0","800","96000","-6500"
"7150","島根銀行","東証","20230309","日証金","確報","1800","3400","24200","3100","0","52300","-28100","-4700"
"7157","ライフネット生命保険","東証","20230309","日証金","確報","20400","64000","31800","5200","700","66500","-34700","-48100"
"7161","じもとＨＤ","東証","20230309","日証金","確報","0","2400","7200","0","400","5800","1400","-2000"
"7162","アストマックス","東証","20230309","日証金","確報","0","400","21800","0","0","0","21800","-400"
"7164","全国保証","東証","20230309","日証金","確報","200","0","700","2300","800","6400","-5700","-1300"
"7167","めぶきＦＧ","東証","20230309","日証金","確報","15400","600","252300","0","67400","252300","0","82200"
"7172","ＪＩＡ","東証","20230309","日証金","確報","1600","200","16200","100","100","2000","14200","1400"
"7173","東京きらぼしＦＧ","東証","20230309","日証金","確報","0","1100","22300","2500","100","7400","14900","-3500"
"7175","今村証券","東証","20230309","日証金","確報","0","0","0","0","0","0","0","0"
"7177","ＧＭＯＦＨＤ","東証","20230309","日証金","確報","100","2400","100800","0","0","0","100800","-2300"
"7180","九州ＦＧ","東証","20230309","日証金","確報","15300","600","114200","1100","8800","8000","106200","22400"
"7180","九州ＦＧ","福証","20230309","日証金","確報","0","0","0","0","0","0","0","0"
"7181","かんぽ生命保険","東証","20230309","日証金","確報","0","200","43200","13400","2100","94500","-51300","-11500"
"7182","ゆうちょ銀行","東証","20230309","日証金","確報","14100","5100","357300","154700","522400","12975100","-12617800","376700"
"7183","あんしん保証","東証","20230309","日証金","確報","0","0","33900","0","0","100","33800","0"
"7184","富山第一銀行","東証","20230309","日証金","確報","1300","31500","224600","41700","12600","621500","-396900","-59300"
"7185","ヒロセ通商","東証","20230309","日証金","確報","100","0","5700","0","0","0","5700","100"
"7186","コンコルディアＦＧ","東証","20230309","日証金","確報","34700","31700","64000","14300","11300","64000","0","0"
"7187","ジェイリース","東証","20230309","日証金","確報","400","400","100400","0","0","100400","0","0"
"7189","西日本ＦＨＤ","東証","20230309","日証金","確報","900","1400","80900","1100","900","19000","61900","-700"
"7189","西日本ＦＨＤ","福証","20230309","日証金","確報","0","0","0","0","0","0","0","0"
"7191","イントラスト","東証","20230309","日証金","確報","0","6800","15800","100","6900","15800","0","0"
"7192","日本モーゲージサービ","東証","20230309","日証金","確報","3100","300","8300","100","300","1100","7200","3000"
"7196","Ｃａｓａ","東証","20230309","日証金","確報","1000","0","6500","0","0","0","6500","1000"
"7198","アルヒ","東証","20230309","日証金","確報","200","16200","314900","0","0","0","314900","-16000"
"7199","プレミアグループ","東証","20230309","日証金","確報","100","100","60900","100","100","3600","57300","0"
"7201","日産自動車","東証","20230309","日証金","確報","260900","1001600","536900","74900","900","536900","0","-814700"
"7202","いすゞ自動車","東証","20230309","日証金","確報","15200","5100","72300","0","6100","35000","37300","16200"
"7203","トヨタ自動車","名証","20230309","日証金","確報","0","0","0","0","0","0","0","0"
"7203","トヨタ自動車","東証","20230309","日証金","確報","3300","146200","558800","3700","0","109200","449600","-146600"
"7205","日野自動車","名証","20230309","日証金","確報","0","0","0","0","0","0","0","0"
"7205","日野自動車","東証","20230309","日証金","確報","900","23400","277000","0","0","13000","264000","-22500"
"7208","カネミツ","東証","20230309","日証金","確報","100","0","1400","0","0","0","1400","100"
"7211","三菱自動車工業","東証","20230309","日証金","確報","109200","85400","1085700","56000","24000","187800","897900","-8200"
"7212","エフテック","東証","20230309","日証金","確報","1200","2500","12000","1000","0","1500","10500","-2300"
"7213","レシップＨＤ","名証","20230309","日証金","確報","0","0","0","0","0","0","0","0"
"7213","レシップＨＤ","東証","20230309","日証金","確報","0","0","1600","0","100","1600","0","100"
"7214","ＧＭＢ","東証","20230309","日証金","確報","300","600","38800","0","100","1400","37400","-200"
"7215","ファルテック","東証","20230309","日証金","確報","0","0","1400","0","0","0","1400","0"
"7217","テイン","東証","20230309","日証金","確報","0","0","0","0","0","0","0","0"
"7218","田中精密工業","東証","20230309","日証金","確報","0","0","0","0","0","0","0","0"
"7219","エッチ・ケー・エス","東証","20230309","日証金","確報","0","0","0","0","0","0","0","0"
"7220","武蔵精密工業","名証","20230309","日証金","確報","0","0","0","0","0","0","0","0"
"7220","武蔵精密工業","東証","20230309","日証金","確報","0","1800","500","2100","6400","10800","-10300","2500"
"7222","日産車体","東証","20230309","日証金","確報","0","0","13600","600","100","9500","4100","-500"
"7224","新明和工業","東証","20230309","日証金","確報","0","1900","11900","400","0","2200","9700","-2300"
"7226","極東開発工業","東証","20230309","日証金","確報","500","100","700","100","0","600","100","300"
"7227","アスカ","名証","20230309","日証金","確報","100","0","1000","0","0","0","1000","100"
"7228","デイトナ","東証","20230309","日証金","確報","0","0","700","0","0","0","700","0"
"7229","ユタカ技研","東証","20230309","日証金","確報","0","0","600","0","0","0","600","0"
"7231","トピー工業","名証","20230309","日証金","確報","0","0","0","0","0","0","0","0"
"7231","トピー工業","東証","20230309","日証金","確報","800","400","19600","800","400","19600","0","0"
"7235","東京ラヂエーター製造","東証","20230309","日証金","確報","2000","400","3200","0","0","0","3200","1600"
"7236","ティラド","東証","20230309","日証金","確報","400","100","4100","0","0","100","4000","300"
"7238","曙ブレーキ工業","東証","20230309","日証金","確報","100","3100","99000","0","0","100","98900","-3000"
"7239","タチエス","東証","20230309","日証金","確報","8600","600","34000","0","2700","200","33800","10700"
"7240","エヌオーケー","東証","20230309","日証金","確報","2300","300","12000","300","6100","58400","-46400","7800"
"7241","フタバ産業","名証","20230309","日証金","確報","0","0","0","0","0","0","0","0"
"7241","フタバ産業","東証","20230309","日証金","確報","1700","0","10700","0","2000","5000","5700","3700"
"7242","ＫＹＢ","東証","20230309","日証金","確報","3500","2600","9800","1200","300","9800","0","0"
"7244","市光工業","東証","20230309","日証金","確報","700","1600","25300","200","0","4600","20700","-1100"
"7245","大同メタル工業","名証","20230309","日証金","確報","0","0","0","0","0","0","0","0"
"7245","大同メタル工業","東証","20230309","日証金","確報","500","0","11000","0","0","3900","7100","500"
"7246","プレス工業","東証","20230309","日証金","確報","3900","20300","24800","15700","4800","17000","7800","-27300"
"7247","ミクニ","東証","20230309","日証金","確報","0","1200","14700","0","0","0","14700","-1200"
"7250","太平洋工業","名証","20230309","日証金","確報","0","0","0","0","0","0","0","0"
"7250","太平洋工業","東証","20230309","日証金","確報","200","500","1100","300","100","1600","-500","-500"
"7254","ユニバンス","東証","20230309","日証金","確報","6300","2700","27300","0","0","0","27300","3600"
"7255","桜井製作所","東証","20230309","日証金","確報","0","0","1500","0","0","0","1500","0"
"7256","河西工業","東証","20230309","日証金","確報","17600","40000","393300","1900","0","196300","197000","-24300"
"7259","アイシン","名証","20230309","日証金","確報","0","0","0","0","0","0","0","0"
"7259","アイシン","東証","20230309","日証金","確報","200","1100","14200","900","2100","6700","7500","300"
"7261","マツダ","東証","20230309","日証金","確報","68900","6800","111900","2700","97000","274500","-162600","156400"
"7264","ムロコーポレーション","東証","20230309","日証金","確報","0","0","300","0","0","0","300","0"
"7265","エイケン工業","東証","20230309","日証金","確報","0","0","200","0","0","0","200","0"
"7266","今仙電機製作所","名証","20230309","日証金","確報","0","0","0","0","0","0","0","0"
"7266","今仙電機製作所","東証","20230309","日証金","確報","600","6800","53900","1800","4700","35400","18500","-3300"
"7267","本田技研工業","東証","20230309","日証金","確報","1000","18100","148300","31500","9100","265300","-117000","-39500"
"7268","タツミ","東証","20230309","日証金","確報","0","100","3900","0","0","0","3900","-100"
"7269","スズキ","東証","20230309","日証金","確報","0","500","32500","800","400","5000","27500","-900"
"7270","ＳＵＢＡＲＵ","東証","20230309","日証金","確報","28000","10700","77500","3900","0","64100","13400","13400"
"7271","安永","東証","20230309","日証金","確報","7600","2900","30500","0","0","0","30500","4700"
"7272","ヤマハ発動機","東証","20230309","日証金","確報","300","1100","18800","10300","5500","123200","-104400","-5600"
"7273","イクヨ","東証","20230309","日証金","確報","400","200","4600","0","0","0","4600","200"
"7276","小糸製作所","東証","20230309","日証金","確報","0","4800","6300","2300","0","15900","-9600","-7100"
"7277","ＴＢＫ","東証","20230309","日証金","確報","2100","0","58100","0","600","4000","54100","2700"
"7278","エクセディ","東証","20230309","日証金","確報","0","0","42400","0","100","1400","41000","100"
"7279","ハイレックス","東証","20230309","日証金","確報","100","100","17600","0","100","100","17500","100"
"7280","ミツバ","東証","20230309","日証金","確報","1000","0","13700","0","0","300","13400","1000"
"7282","豊田合成","名証","20230309","日証金","確報","0","0","0","0","0","0","0","0"
"7282","豊田合成","東証","20230309","日証金","確報","0","1100","13200","2500","0","7900","5300","-3600"
"7283","愛三工業","名証","20230309","日証金","確報","0","0","0","0","0","0","0","0"
"7283","愛三工業","東証","20230309","日証金","確報","500","0","3900","200","5200","10700","-6800","5500"
"7284","盟和産業","東証","20230309","日証金","確報","0","200","1400","0","0","0","1400","-200"
"7287","日本精機","東証","20230309","日証金","確報","0","3200","13200","0","0","0","13200","-3200"
"7291","日本プラスト","東証","20230309","日証金","確報","1300","400","47800","200","11600","300","47500","12300"
"7292","村上開明堂","東証","20230309","日証金","確報","0","0","400","0","0","0","400","0"
"7294","ヨロズ","東証","20230309","日証金","確報","1400","1500","11600","200","100","2800","8800","-200"
"7296","エフ・シー・シー","東証","20230309","日証金","確報","0","0","6700","1100","0","1500","5200","-1100"
"7297","カーメイト","東証","20230309","日証金","確報","5000","100","5800","0","0","0","5800","4900"
"7298","八千代工業","東証","20230309","日証金","確報","6100","3700","37200","0","100","200","37000","2500"
"7299","フジオーゼックス","東証","20230309","日証金","確報","100","0","200","0","0","0","200","100"
"7305","新家工業","東証","20230309","日証金","確報","4800","1900","16900","0","200","8900","8000","3100"
"7309","シマノ","東証","20230309","日証金","確報","100","1400","3600","900","900","3600","0","-1300"
"7313","テイ・エス　テック","東証","20230309","日証金","確報","0","0","0","400","3500","5700","-5700","3100"
"7314","小田原機器","東証","20230309","日証金","確報","0","0","3000","0","0","0","3000","0"
"7315","ＩＪＴＴ","東証","20230309","日証金","確報","1000","900","16700","0","0","0","16700","100"
"7317","松屋アールアンドディ","東証","20230309","日証金","確報","0","0","1100","0","0","0","1100","0"
"7318","セレンディップ","東証","20230309","日証金","確報","0","0","800","0","0","0","800","0"
"7320","日本リビング保証","東証","20230309","日証金","確報","0","100","47400","0","0","0","47400","-100"
"7322","３３ＦＧ","名証","20230309","日証金","確報","0","0","0","0","0","0","0","0"
"7322","３３ＦＧ","東証","20230309","日証金","確報","0","800","4900","0","0","100","4800","-800"
"7325","アイリック","東証","20230309","日証金","確報","600","100","10700","0","0","0","10700","500"
"7326","ＳＢＩインシュ","東証","20230309","日証金","確報","100","300","30500","0","0","0","30500","-200"
"7327","第四北越ＦＧ","東証","20230309","日証金","確報","0","300","3500","0","1500","8900","-5400","1200"
"7337","ひろぎんＨＤ","東証","20230309","日証金","確報","6400","2900","28300","3700","200","28300","0","0"
"7338","インヴァスト","東証","20230309","日証金","確報","0","0","1400","0","0","500","900","0"
"7342","ウェルスナビ","東証","20230309","日証金","確報","4300","34200","1830700","1000","0","1903400","-72700","-30900"
"7343","ブロードマインド","東証","20230309","日証金","確報","0","0","31500","0","0","0","31500","0"
"7345","アイパートナーズ","東証","20230309","日証金","確報","600","700","5600","0","0","0","5600","-100"
"7347","マーキュリアＨＤ","東証","20230309","日証金","確報","3000","0","8200","300","0","1800","6400","2700"
"7350","おきなわＦＧ","東証","20230309","日証金","確報","1000","3900","8500","300","400","8500","0","-2800"
"7350","おきなわＦＧ","福証","20230309","日証金","確報","0","0","0","0","0","0","0","0"
"7351","グッドパッチ","東証","20230309","日証金","確報","2100","200","9300","0","0","0","9300","1900"
"7352","Ｂエンジニア","東証","20230309","日証金","確報","200","100","7000","0","0","0","7000","100"
"7353","ＫＩＹＯラーニング","東証","20230309","日証金","確報","2400","400","18900","0","0","0","18900","2000"
"7354","ＤｍＭｉＸ","東証","20230309","日証金","確報","100","100","5900","100","0","600","5300","-100"
"7356","Ｒｅｔｔｙ","東証","20230309","日証金","確報","0","700","232000","2000","0","3800","228200","-2700"
"7357","ジオコード","東証","20230309","日証金","確報","0","0","3000","0","0","0","3000","0"
"7358","ポピンズ","東証","20230309","日証金","確報","0","0","5900","0","0","0","5900","0"
"7359","東京通信","東証","20230309","日証金","確報","3600","1400","29400","0","0","0","29400","2200"
"7360","オンデック","東証","20230309","日証金","確報","0","200","3800","0","0","0","3800","-200"
"7361","ＨＣＨ","東証","20230309","日証金","確報","200","0","4000","0","0","0","4000","200"
"7362","Ｔ．Ｓ．Ｉ","東証","20230309","日証金","確報","0","0","1000","0","0","0","1000","0"
"7363","ベビーカレンダー","東証","20230309","日証金","確報","0","0","9800","0","0","0","9800","0"
"7366","ＬＩＴＡＬＩＣＯ","東証","20230309","日証金","確報","700","100","9000","0","1100","4500","4500","1700"
"7367","セルム","東証","20230309","日証金","確報","200","1600","16000","0","0","0","16000","-1400"
"7368","表示灯","東証","20230309","日証金","確報","0","200","1800","0","0","0","1800","-200"
"7369","メイホーＨＤ","名証","20230309","日証金","確報","0","0","0","0","0","0","0","0"
"7369","メイホーＨＤ","東証","20230309","日証金","確報","0","100","2800","0","0","0","2800","-100"
"7370","Ｅｎｊｉｎ","東証","20230309","日証金","確報","1100","1300","53200","0","0","0","53200","-200"
"7371","全研本社","東証","20230309","日証金","確報","0","0","20400","0","0","1300","19100","0"
"7372","デコルテＨＤ","東証","20230309","日証金","確報","4400","0","26100","0","0","0","26100","4400"
"7373","アイドマＨＤ","東証","20230309","日証金","確報","0","2600","7700","0","0","0","7700","-2600"
"7374","コンフィデンス","東証","20230309","日証金","確報","0","0","6600","0","0","0","6600","0"
"7375","リファインバスＧ","東証","20230309","日証金","確報","100","1000","12500","0","0","0","12500","-900"
"7376","ＢＣＣ","東証","20230309","日証金","確報","0","0","200","0","0","0","200","0"
"7377","ＤＮホールディングス","東証","20230309","日証金","確報","0","100","0","0","0","0","0","-100"
"7378","アシロ","東証","20230309","日証金","確報","100","2700","52200","0","0","0","52200","-2600"
"7379","サーキュレーション","東証","20230309","日証金","確報","0","100","4900","0","0","0","4900","-100"
"7380","十六ＦＧ","名証","20230309","日証金","確報","0","0","0","0","0","0","0","0"
"7380","十六ＦＧ","東証","20230309","日証金","確報","2300","1100","7600","4700","100","11000","-3400","-3400"
"7381","北國ＦＨＤ","東証","20230309","日証金","確報","100","4400","7800","7400","100","19400","-11600","-11600"
"7383","ネットプロＨＤ","東証","20230309","日証金","確報","900","100","10300","0","0","0","10300","800"
"7384","プロクレアＨＤ","東証","20230309","日証金","確報","400","300","3600","1000","0","30100","-26500","-900"
"7386","ＪＷＳ","東証","20230309","日証金","確報","0","1400","9200","0","0","0","9200","-1400"
"7388","ＦＰパートナー","東証","20230309","日証金","確報","300","0","7800","0","0","0","7800","300"
"7389","あいちＦＧ","名証","20230309","日証金","確報","0","0","0","0","0","0","0","0"
"7389","あいちＦＧ","東証","20230309","日証金","確報","0","300","10900","100","100","500","10400","-300"
"7399","ナンシン","東証","20230309","日証金","確報","0","0","2500","0","0","0","2500","0"
"7408","ジャムコ","東証","20230309","日証金","確報","0","1600","23000","1200","100","4400","18600","-2700"
"7412","アトム","名証","20230309","日証金","確報","0","0","0","0","0","0","0","0"
"7412","アトム","東証","20230309","日証金","確報","200","500","5900","9500","6600","162500","-156600","-3200"
"7413","創健社","東証","20230309","日証金","確報","0","0","0","0","0","0","0","0"
"7414","小野建","東証","20230309","日証金","確報","200","0","19900","100","0","100","19800","100"
"7414","小野建","福証","20230309","日証金","確報","0","0","0","0","0","0","0","0"
"7416","はるやまＨＤ","東証","20230309","日証金","確報","200","600","4500","600","900","81200","-76700","-100"
"7417","南陽","東証","20230309","日証金","確報","2400","300","3000","0","0","700","2300","2100"
"7417","南陽","福証","20230309","日証金","確報","0","0","0","0","0","0","0","0"
"7419","ノジマ","東証","20230309","日証金","確報","100","300","284800","400","100","700","284100","-500"
"7420","佐鳥電機","東証","20230309","日証金","確報","0","500","33600","1700","600","13500","20100","-1600"
"7421","カッパ・クリエイト","東証","20230309","日証金","確報","0","100","12900","300","3400","135600","-122700","3000"
"7422","東邦レマック","東証","20230309","日証金","確報","0","0","0","0","0","0","0","0"
"7425","初穂商事","東証","20230309","日証金","確報","100","0","1000","0","0","0","1000","100"
"7426","山大","東証","20230309","日証金","確報","0","0","200","0","0","0","200","0"
"7427","エコートレーディング","東証","20230309","日証金","確報","0","4600","18500","0","600","15000","3500","-4000"
"7433","伯東","東証","20230309","日証金","確報","2300","200","24500","3900","100","16800","7700","-1700"
"7434","オータケ","東証","20230309","日証金","確報","0","0","500","0","0","0","500","0"
"7435","ナ・デックス","東証","20230309","日証金","確報","1400","5000","7500","0","0","0","7500","-3600"
"7438","コンドーテック","東証","20230309","日証金","確報","0","600","2100","0","600","2100","0","0"
"7441","Ｍｉｓｕｍｉ","福証","20230309","日証金","確報","0","0","0","0","0","0","0","0"
"7442","中山福","東証","20230309","日証金","確報","0","100","1300","0","0","1100","200","-100"
"7443","横浜魚類","東証","20230309","日証金","確報","0","100","2800","0","600","4600","-1800","500"
"7444","ハリマ共和物産","東証","20230309","日証金","確報","0","0","39700","0","0","0","39700","0"
"7445","ライトオン","東証","20230309","日証金","確報","2800","300","12500","300","0","69600","-57100","2200"
"7446","東北化学薬品","東証","20230309","日証金","確報","0","0","0","0","0","0","0","0"
"7447","ナガイレーベン","東証","20230309","日証金","確報","100","0","600","300","100","2600","-2000","-100"
"7450","サンデー","東証","20230309","日証金","確報","0","0","100","0","0","0","100","0"
"7451","三菱食品","東証","20230309","日証金","確報","2200","0","6000","0","0","0","6000","2200"
"7453","良品計画","東証","20230309","日証金","確報","100","5400","64700","0","6600","45500","19200","1300"
"7455","パリミキＨＤ","東証","20230309","日証金","確報","2000","1000","5200","1100","100","5200","0","0"
"7456","松田産業","東証","20230309","日証金","確報","500","200","17100","0","3800","200","16900","4100"
"7458","第一興商","東証","20230309","日証金","確報","300","200","4500","100","200","1000","3500","200"
"7459","メディパルＨＤ","東証","20230309","日証金","確報","400","0","3800","400","0","3800","0","0"
"7460","ヤギ","東証","20230309","日証金","確報","0","0","500","0","0","0","500","0"
"7461","キムラ","東証","20230309","日証金","確報","0","100","1200","0","0","0","1200","-100"
"7462","ＣＡＰＩＴＡ","東証","20230309","日証金","確報","0","0","0","0","0","0","0","0"
"7463","アドヴァングループ","東証","20230309","日証金","確報","400","100","5000","0","1500","2800","2200","1800"
"7464","セフテック","東証","20230309","日証金","確報","0","0","200","0","0","0","200","0"
"7466","エスピーケイ","東証","20230309","日証金","確報","0","200","1200","0","0","0","1200","-200"
"7467","萩原電気ＨＤ","名証","20230309","日証金","確報","0","0","0","0","0","0","0","0"
"7467","萩原電気ＨＤ","東証","20230309","日証金","確報","200","200","4800","0","0","0","4800","0"
"7472","鳥羽洋行","東証","20230309","日証金","確報","0","0","200","0","0","200","0","0"
"7475","アルビス","東証","20230309","日証金","確報","0","0","600","500","500","4900","-4300","0"
"7476","アズワン","東証","20230309","日証金","確報","200","0","800","800","0","800","0","-600"
"7477","ムラキ","東証","20230309","日証金","確報","0","0","198700","0","0","0","198700","0"
"7480","スズデン","東証","20230309","日証金","確報","0","0","4900","0","1000","700","4200","1000"
"7481","尾家産業","東証","20230309","日証金","確報","0","0","900","0","0","0","900","0"
"7482","シモジマ","東証","20230309","日証金","確報","0","0","900","0","0","500","400","0"
"7483","ドウシシャ","東証","20230309","日証金","確報","700","0","4500","2100","100","3000","1500","-1300"
"7485","岡谷鋼機","名証","20230309","日証金","確報","200","0","1300","0","0","0","1300","200"
"7486","サンリン","東証","20230309","日証金","確報","0","0","200","0","0","0","200","0"
"7487","小津産業","東証","20230309","日証金","確報","2300","100","25300","0","0","50000","-24700","2200"
"7488","ヤガミ","名証","20230309","日証金","確報","0","300","4500","0","0","0","4500","-300"
"7490","日新商事","東証","20230309","日証金","確報","0","0","0","0","0","0","0","0"
"7494","コナカ","東証","20230309","日証金","確報","5000","1200","22500","23500","3300","44500","-22000","-16400"
"7500","西川計測","東証","20230309","日証金","確報","0","0","100","0","0","0","100","0"
"7501","ティムコ","東証","20230309","日証金","確報","0","0","2000","0","0","0","2000","0"
"7502","プラザクリエイト本社","東証","20230309","日証金","確報","0","0","900","0","0","0","900","0"
"7504","高速","東証","20230309","日証金","確報","0","300","6600","0","2000","1700","4900","1700"
"7505","扶桑電通","東証","20230309","日証金","確報","0","0","300","0","0","0","300","0"
"7506","ハウス　オブ　ローゼ","東証","20230309","日証金","確報","0","300","300","700","0","1500","-1200","-1000"
"7508","Ｇ－７ＨＤ","東証","20230309","日証金","確報","0","1700","3000","0","800","0","3000","-900"
"7509","アイエーグループ","東証","20230309","日証金","確報","0","0","0","0","0","0","0","0"
"7510","たけびし","東証","20230309","日証金","確報","0","0","300","200","0","900","-600","-200"
"7512","イオン北海道","東証","20230309","日証金","確報","1700","100","107800","0","0","0","107800","1600"
"7513","コジマ","東証","20230309","日証金","確報","0","100","31300","100","400","5500","25800","200"
"7514","ヒマラヤ","名証","20230309","日証金","確報","0","0","0","0","0","0","0","0"
"7514","ヒマラヤ","東証","20230309","日証金","確報","100","0","900","0","0","0","900","100"
"7515","マルヨシセンター","東証","20230309","日証金","確報","0","0","0","0","0","0","0","0"
"7516","コーナン商事","東証","20230309","日証金","確報","0","1300","34800","0","1600","0","34800","300"
"7518","ネットワンシステムズ","東証","20230309","日証金","確報","6000","0","30300","0","0","1100","29200","6000"
"7520","エコス","東証","20230309","日証金","確報","0","100","1200","0","0","0","1200","-100"
"7521","ムサシ","東証","20230309","日証金","確報","0","0","5100","0","0","0","5100","0"
"7522","ワタミ","東証","20230309","日証金","確報","1500","400","47900","700","2600","81300","-33400","3000"
"7523","アールビバン","東証","20230309","日証金","確報","0","1200","8700","0","0","13000","-4300","-1200"
"7524","マルシェ","東証","20230309","日証金","確報","0","100","1800","900","900","44200","-42400","-100"
"7525","リックス","東証","20230309","日証金","確報","300","200","2800","200","100","2800","0","0"
"7525","リックス","福証","20230309","日証金","確報","0","0","0","0","0","0","0","0"
"7527","システムソフト","東証","20230309","日証金","確報","0","300","166100","0","0","0","166100","-300"
"7531","清和中央ＨＤ","東証","20230309","日証金","確報","0","0","800","0","0","0","800","0"
"7532","パンパシフィックＨＤ","東証","20230309","日証金","確報","2100","8700","49500","100","0","7800","41700","-6700"
"7533","グリーンクロス","福証","20230309","日証金","確報","0","0","100","0","0","0","100","0"
"7537","丸文","東証","20230309","日証金","確報","7200","1700","47300","2500","700","43600","3700","3700"
"7538","大水","東証","20230309","日証金","確報","0","0","900","0","0","0","900","0"
"7539","アイナボＨＤ","東証","20230309","日証金","確報","300","300","1700","0","0","1700","0","0"
"7544","スリーエフ","東証","20230309","日証金","確報","100","0","5400","0","0","2700","2700","100"
"7545","西松屋チェーン","東証","20230309","日証金","確報","500","0","55500","1700","1200","55500","0","0"
"7550","ゼンショーＨＤ","東証","20230309","日証金","確報","0","400","1600","16700","2500","333800","-332200","-14600"
"7551","ウェッズ","東証","20230309","日証金","確報","0","900","41100","0","100","0","41100","-800"
"7552","ハピネット","東証","20230309","日証金","確報","400","0","6900","2700","0","6600","300","-2300"
"7554","幸楽苑ＨＤ","東証","20230309","日証金","確報","500","0","15800","3700","200","27800","-12000","-3000"
"7555","大田花き","東証","20230309","日証金","確報","0","0","0","0","0","0","0","0"
"7559","ジーエフシー","東証","20230309","日証金","確報","0","0","300","0","0","0","300","0"
"7561","ハークスレイ","東証","20230309","日証金","確報","0","100","3300","2700","100","53200","-49900","-2700"
"7562","安楽亭","東証","20230309","日証金","確報","0","0","200","0","0","0","200","0"
"7564","ワークマン","東証","20230309","日証金","確報","17100","1100","154500","200","0","258800","-104300","15800"
"7565","萬世電機","東証","20230309","日証金","確報","0","0","200","0","0","0","200","0"
"7567","栄電子","東証","20230309","日証金","確報","0","0","26200","0","0","0","26200","0"
"7570","橋本総業ＨＤ","東証","20230309","日証金","確報","0","0","2800","0","300","300","2500","300"
"7571","ヤマノＨＤ","東証","20230309","日証金","確報","0","0","32300","1100","0","11400","20900","-1100"
"7575","日本ライフライン","東証","20230309","日証金","確報","600","500","13200","0","0","800","12400","100"
"7578","ニチリョク","東証","20230309","日証金","確報","0","0","4000","0","0","0","4000","0"
"7581","サイゼリヤ","東証","20230309","日証金","確報","0","0","500","5400","1200","139700","-139200","-4200"
"7585","かんなん丸","東証","20230309","日証金","確報","0","0","200","0","0","0","200","0"
"7590","タカショー","東証","20230309","日証金","確報","1000","0","8100","0","0","0","8100","1000"
"7593","ＶＴホールディングス","名証","20230309","日証金","確報","0","0","0","0","0","0","0","0"
"7593","ＶＴホールディングス","東証","20230309","日証金","確報","0","200","7900","0","100","900","7000","-100"
"7595","アルゴグラフィックス","東証","20230309","日証金","確報","0","100","900","0","100","900","0","0"
"7596","魚力","東証","20230309","日証金","確報","0","100","200","0","0","0","200","-100"
"7599","ＩＤＯＭ","東証","20230309","日証金","確報","7300","20500","64400","41700","12100","277800","-213400","-42800"
"7600","日本エム・ディ・エム","東証","20230309","日証金","確報","0","0","10400","0","0","5800","4600","0"
"7602","カーチスＨＤ","東証","20230309","日証金","確報","0","4900","14000","0","0","0","14000","-4900"
"7603","マックハウス","東証","20230309","日証金","確報","0","0","3200","100","2200","15900","-12700","2100"
"7604","梅の花","東証","20230309","日証金","確報","0","0","500","0","0","0","500","0"
"7605","フジ・コーポ","東証","20230309","日証金","確報","0","300","8800","100","200","2900","5900","-200"
"7606","ユナイテッドアローズ","東証","20230309","日証金","確報","0","2100","27100","0","0","100","27000","-2100"
"7607","進和","名証","20230309","日証金","確報","0","0","0","0","0","0","0","0"
"7607","進和","東証","20230309","日証金","確報","0","0","4400","0","0","1100","3300","0"
"7608","エスケイジャパン","東証","20230309","日証金","確報","1600","1300","78300","0","0","0","78300","300"
"7609","ダイトロン","東証","20230309","日証金","確報","700","400","10800","0","0","2300","8500","300"
"7610","テイツー","東証","20230309","日証金","確報","1540600","3000","1761400","22700","98400","968500","792900","1613300"
"7611","ハイデイ日高","東証","20230309","日証金","確報","700","100","3600","200","100","1500","2100","500"
"7613","シークス","東証","20230309","日証金","確報","400","500","13000","100","0","600","12400","-200"
"7614","オーエムツーＮＷ","東証","20230309","日証金","確報","0","100","1600","0","0","0","1600","-100"
"7615","ＹＵ－ＷＡ　ＣＨＤ","東証","20230309","日証金","確報","0","700","7500","0","0","300","7200","-700"
"7616","コロワイド","東証","20230309","日証金","確報","0","500","11200","25000","200","290800","-279600","-25300"
"7618","ＰＣデポコーポ","東証","20230309","日証金","確報","0","100","12100","0","0","0","12100","-100"
"7619","田中商事","東証","20230309","日証金","確報","0","0","700","0","0","100","600","0"
"7621","うかい","東証","20230309","日証金","確報","0","0","300","0","0","0","300","0"
"7623","サンオータス","東証","20230309","日証金","確報","100","0","13200","0","0","0","13200","100"
"7624","ＮａＩＴＯ","東証","20230309","日証金","確報","200","0","23900","0","0","0","23900","200"
"7625","グローバルダイニング","東証","20230309","日証金","確報","500","600","60300","1000","1100","60300","0","0"
"7628","オーハシテクニカ","東証","20230309","日証金","確報","0","0","700","0","100","300","400","100"
"7630","壱番屋","名証","20230309","日証金","確報","0","0","0","0","0","0","0","0"
"7630","壱番屋","東証","20230309","日証金","確報","0","0","0","400","1000","22200","-22200","600"
"7634","星医療酸器","東証","20230309","日証金","確報","0","0","500","0","0","0","500","0"
"7635","杉田エース","東証","20230309","日証金","確報","0","0","1000","0","0","0","1000","0"
"7636","ハンズマン","東証","20230309","日証金","確報","0","0","1700","0","0","0","1700","0"
"7637","白銅","東証","20230309","日証金","確報","0","600","3100","100","100","300","2800","-600"
"7638","ＮＥＷ　ＡＲＴ","東証","20230309","日証金","確報","0","200","6100","0","0","0","6100","-200"
"7640","トップカルチャー","東証","20230309","日証金","確報","5600","100","10800","5500","0","10800","0","0"
"7643","ダイイチ","札証","20230309","日証金","確報","0","0","0","0","0","0","0","0"
"7643","ダイイチ","東証","20230309","日証金","確報","0","0","200","0","0","0","200","0"
"7646","ＰＬＡＮＴ","東証","20230309","日証金","確報","0","0","0","0","0","0","0","0"
"7647","音通","東証","20230309","日証金","確報","15000","10800","623800","7600","0","22600","601200","-3400"
"7649","スギホールディングス","名証","20230309","日証金","確報","0","0","0","0","0","0","0","0"
"7649","スギホールディングス","東証","20230309","日証金","確報","0","200","8000","0","0","800","7200","-200"
"7670","オーウエル","東証","20230309","日証金","確報","1300","3500","23100","0","0","0","23100","-2200"
"7671","ＡｍｉｄＡＨＤ","東証","20230309","日証金","確報","0","0","0","0","0","0","0","0"
"7673","ダイコー通産","東証","20230309","日証金","確報","0","0","1800","0","0","0","1800","0"
"7674","ＮＡＴＴＹＨＤ","東証","20230309","日証金","確報","0","0","800","0","0","0","800","0"
"7675","セントラルフォレスト","名証","20230309","日証金","確報","0","0","300","0","0","0","300","0"
"7676","グッドスピード","東証","20230309","日証金","確報","0","200","11200","0","0","0","11200","-200"
"7677","ヤシマキザイ","東証","20230309","日証金","確報","0","0","100","0","0","0","100","0"
"7678","あさくま","東証","20230309","日証金","確報","0","100","100","1100","400","7100","-7000","-800"
"7679","薬王堂ＨＤ","東証","20230309","日証金","確報","200","200","2800","0","0","2800","0","0"
"7681","レオクラン","東証","20230309","日証金","確報","0","0","100","0","0","0","100","0"
"7682","浜木綿","名証","20230309","日証金","確報","0","0","0","0","0","0","0","0"
"7682","浜木綿","東証","20230309","日証金","確報","0","0","400","0","0","0","400","0"
"7683","ダブルエー","東証","20230309","日証金","確報","100","0","600","0","0","0","600","100"
"7685","ＢＵＹＳＥＬＬ","東証","20230309","日証金","確報","0","100","3600","0","0","0","3600","-100"
"7686","カクヤスグループ","東証","20230309","日証金","確報","0","300","1000","400","100","900","100","-600"
"7687","ミクリード","東証","20230309","日証金","確報","0","200","4400","0","0","0","4400","-200"
"7689","コパ","東証","20230309","日証金","確報","0","0","500","0","0","0","500","0"
"7692","アースインフィニティ","東証","20230309","日証金","確報","3300","800","80000","0","0","0","80000","2500"
"7694","いつも","東証","20230309","日証金","確報","300","100","33900","0","0","0","33900","200"
"7695","交換できるくん","東証","20230309","日証金","確報","0","300","2600","0","0","0","2600","-300"
"7698","アイスコ","東証","20230309","日証金","確報","0","0","700","0","0","0","700","0"
"7699","ＯＰＳ","東証","20230309","日証金","確報","0","0","0","0","0","0","0","0"
"7701","島津製作所","東証","20230309","日証金","確報","6300","2400","17100","0","100","800","16300","4000"
"7702","ジェイ・エム・エス","東証","20230309","日証金","確報","0","500","3400","0","0","0","3400","-500"
"7705","ジーエルサイエンス","東証","20230309","日証金","確報","0","0","3600","0","0","100","3500","0"
"7707","プレシジョンＳＳ","東証","20230309","日証金","確報","20600","20600","461900","0","0","461900","0","0"
"7709","クボテック","東証","20230309","日証金","確報","5300","37600","181800","0","13100","201000","-19200","-19200"
"7711","助川電気工業","東証","20230309","日証金","確報","1500","100","23400","0","0","0","23400","1400"
"7713","シグマ光機","東証","20230309","日証金","確報","0","300","800","0","0","0","800","-300"
"7715","長野計器","東証","20230309","日証金","確報","3900","500","17800","0","0","400","17400","3400"
"7716","ナカニシ","東証","20230309","日証金","確報","0","0","4000","0","0","300","3700","0"
"7717","ブイ・テクノロジー","東証","20230309","日証金","確報","100","0","10500","100","100","100","10400","100"
"7718","スター精密","東証","20230309","日証金","確報","0","500","13700","500","500","8700","5000","-500"
"7719","東京衡機","東証","20230309","日証金","確報","0","0","10600","0","0","0","10600","0"
"7721","東京計器","東証","20230309","日証金","確報","100","600","26900","800","0","1000","25900","-1300"
"7722","国際計測器","東証","20230309","日証金","確報","0","0","300","0","0","0","300","0"
"7723","愛知時計電機","名証","20230309","日証金","確報","0","0","0","0","0","0","0","0"
"7723","愛知時計電機","東証","20230309","日証金","確報","0","0","1500","0","0","700","800","0"
"7725","インターアクション","東証","20230309","日証金","確報","400","1000","52300","0","2500","3900","48400","1900"
"7726","黒田精工","東証","20230309","日証金","確報","1800","0","17300","0","0","900","16400","1800"
"7727","オーバル","東証","20230309","日証金","確報","1700","4200","381400","0","0","0","381400","-2500"
"7729","東京精密","東証","20230309","日証金","確報","1300","1200","14500","200","100","14500","0","0"
"7730","マニー","東証","20230309","日証金","確報","0","1200","31200","500","0","4000","27200","-1700"
"7731","ニコン","東証","20230309","日証金","確報","10400","500","94600","0","0","0","94600","9900"
"7732","トプコン","東証","20230309","日証金","確報","0","1300","9000","300","0","2000","7000","-1600"
"7733","オリンパス","東証","20230309","日証金","確報","2900","18000","284000","4200","200","4500","279500","-19100"
"7734","理研計器","東証","20230309","日証金","確報","900","100","3300","0","200","2300","1000","1000"
"7735","ＳＣＲＥＥＮ　ＨＤ","東証","20230309","日証金","確報","0","5200","18900","600","5800","18900","0","0"
"7739","キヤノン電子","東証","20230309","日証金","確報","100","0","7300","500","300","3200","4100","-100"
"7740","タムロン","東証","20230309","日証金","確報","0","400","9000","0","100","500","8500","-300"
"7741","ＨＯＹＡ","東証","20230309","日証金","確報","3800","400","10800","4400","1000","10800","0","0"
"7743","シード","東証","20230309","日証金","確報","0","0","5100","0","0","3900","1200","0"
"7744","ノーリツ鋼機","東証","20230309","日証金","確報","0","4600","26800","0","0","700","26100","-4600"
"7745","Ａ＆ＤホロンＨＤ","東証","20230309","日証金","確報","100","200","18200","0","100","9100","9100","0"
"7746","岡本硝子","東証","20230309","日証金","確報","0","0","41400","0","0","0","41400","0"
"7747","朝日インテック","名証","20230309","日証金","確報","0","0","0","0","0","0","0","0"
"7747","朝日インテック","東証","20230309","日証金","確報","0","4700","28800","100","100","1000","27800","-4700"
"7749","メディキット","東証","20230309","日証金","確報","0","0","200","0","0","0","200","0"
"7751","キヤノン","名証","20230309","日証金","確報","0","0","0","0","0","0","0","0"
"7751","キヤノン","札証","20230309","日証金","確報","0","0","0","0","0","0","0","0"
"7751","キヤノン","東証","20230309","日証金","確報","1800","900","174100","0","0","5800","168300","900"
"7751","キヤノン","福証","20230309","日証金","確報","0","0","0","0","0","0","0","0"
"7752","リコー","東証","20230309","日証金","確報","6300","13900","50800","0","100","300","50500","-7500"
"7760","ＩＭＶ","東証","20230309","日証金","確報","0","0","15700","0","0","0","15700","0"
"7762","シチズン時計","東証","20230309","日証金","確報","9400","13800","92200","9600","2400","92200","0","-11600"
"7769","リズム","東証","20230309","日証金","確報","0","100","3100","0","0","3600","-500","-100"
"7771","日本精密","東証","20230309","日証金","確報","12000","2800","255100","0","0","0","255100","9200"
"7774","Ｊ・ＴＥＣ","東証","20230309","日証金","確報","0","0","11100","0","0","0","11100","0"
"7775","大研医器","東証","20230309","日証金","確報","1800","0","4100","0","0","0","4100","1800"
"7776","セルシード","東証","20230309","日証金","確報","6000","22900","131200","0","0","0","131200","-16900"
"7777","スリーディーＭ","東証","20230309","日証金","確報","0","7500","101100","0","0","0","101100","-7500"
"7779","サイバーダイン","東証","20230309","日証金","確報","0","51600","1278100","0","0","1702800","-424700","-51600"
"7780","メニコン","名証","20230309","日証金","確報","0","0","0","0","0","0","0","0"
"7780","メニコン","東証","20230309","日証金","確報","0","400","17100","2100","0","2400","14700","-2500"
"7781","平山ホールディングス","東証","20230309","日証金","確報","600","0","11500","0","0","0","11500","600"
"7782","シンシア","東証","20230309","日証金","確報","0","1500","15400","0","100","1100","14300","-1400"
"7791","ドリームベッド","東証","20230309","日証金","確報","400","0","1200","0","0","0","1200","400"
"7792","コラントッテ","東証","20230309","日証金","確報","1000","200","15800","0","0","0","15800","800"
"7793","イメージ・マジック","東証","20230309","日証金","確報","0","200","10100","0","0","0","10100","-200"
"7794","イーディーピー","東証","20230309","日証金","確報","700","2900","32300","0","0","0","32300","-2200"
"7795","ＫＹＯＲＩＴＳＵ","東証","20230309","日証金","確報","0","0","9600","0","0","600","9000","0"
"7800","アミファ","東証","20230309","日証金","確報","0","0","400","0","0","0","400","0"
"7803","ブシロード","東証","20230309","日証金","確報","0","2100","61200","100","0","800","60400","-2200"
"7804","ビーアンドピー","東証","20230309","日証金","確報","0","300","3600","0","0","0","3600","-300"
"7805","プリントネット","東証","20230309","日証金","確報","600","700","13500","0","100","13500","0","0"
"7806","ＭＴＧ","東証","20230309","日証金","確報","0","300","4500","0","0","0","4500","-300"
"7807","幸和製作所","東証","20230309","日証金","確報","0","200","400","0","0","0","400","-200"
"7808","シー・エス・ランバー","東証","20230309","日証金","確報","0","100","8400","0","0","0","8400","-100"
"7809","壽屋","東証","20230309","日証金","確報","1300","3500","8300","0","0","0","8300","-2200"
"7810","クロスフォー","東証","20230309","日証金","確報","3900","0","10600","3900","0","10600","0","0"
"7811","中本パックス","東証","20230309","日証金","確報","100","1100","5800","700","2800","10400","-4600","1100"
"7812","クレステック","東証","20230309","日証金","確報","0","0","12700","100","0","2100","10600","-100"
"7813","プラッツ","東証","20230309","日証金","確報","100","100","2300","0","0","0","2300","0"
"7813","プラッツ","福証","20230309","日証金","確報","0","0","0","0","0","0","0","0"
"7814","日本創発グループ","東証","20230309","日証金","確報","500","0","6200","0","400","3200","3000","900"
"7815","東京ボード工業","東証","20230309","日証金","確報","0","0","0","0","0","0","0","0"
"7816","スノーピーク","東証","20230309","日証金","確報","2100","17600","203700","100000","0","622100","-418400","-115500"
"7817","パラマウントＢＨＤ","東証","20230309","日証金","確報","0","0","3500","100","0","500","3000","-100"
"7818","トランザクション","東証","20230309","日証金","確報","0","100","9200","0","0","0","9200","-100"
"7819","粧美堂","東証","20230309","日証金","確報","0","0","7700","0","0","5300","2400","0"
"7820","ニホンフラッシュ","東証","20230309","日証金","確報","1000","300","2600","0","0","1000","1600","700"
"7821","前田工繊","東証","20230309","日証金","確報","0","0","8100","0","100","4200","3900","100"
"7822","永大産業","東証","20230309","日証金","確報","0","500","2900","300","0","300","2600","-800"
"7823","アートネイチャー","東証","20230309","日証金","確報","100","1000","1600","800","0","1000","600","-1700"
"7826","フルヤ金属","東証","20230309","日証金","確報","600","0","4100","0","0","0","4100","600"
"7827","オービス","東証","20230309","日証金","確報","0","0","3300","0","0","0","3300","0"
"7829","サマンサタバサＪＰ","東証","20230309","日証金","確報","0","500","104900","0","0","0","104900","-500"
"7831","ウイルコホールディン","東証","20230309","日証金","確報","0","100","4400","0","0","0","4400","-100"
"7832","バンダイナムコ","東証","20230309","日証金","確報","600","1400","28300","0","0","400","27900","-800"
"7833","アイフィスジャパン","東証","20230309","日証金","確報","0","0","212400","100","0","100","212300","-100"
"7836","アビックス","東証","20230309","日証金","確報","0","6800","113700","0","0","0","113700","-6800"
"7837","アールシーコア","東証","20230309","日証金","確報","0","0","1600","0","0","1600","0","0"
"7839","ＳＨＯＥＩ","東証","20230309","日証金","確報","1800","200","4400","0","500","4100","300","2100"
"7840","フランスベッドＨＤ","東証","20230309","日証金","確報","0","0","400","500","200","1900","-1500","-300"
"7841","遠藤製作所","東証","20230309","日証金","確報","0","0","32700","0","0","0","32700","0"
"7844","マーベラス","東証","20230309","日証金","確報","5600","0","13400","0","0","500","12900","5600"
"7846","パイロット","東証","20230309","日証金","確報","300","200","6400","0","0","200","6200","100"
"7847","グラファイトデザイン","東証","20230309","日証金","確報","0","400","4400","0","0","0","4400","-400"
"7849","スターツ出版","東証","20230309","日証金","確報","0","200","2100","0","0","0","2100","-200"
"7850","総合商研","東証","20230309","日証金","確報","200","0","1200","0","0","0","1200","200"
"7851","カワセコンピュータ","東証","20230309","日証金","確報","0","400","500","0","0","0","500","-400"
"7856","萩原工業","東証","20230309","日証金","確報","2100","0","8100","0","200","1300","6800","2300"
"7857","セキ","東証","20230309","日証金","確報","0","0","0","0","0","0","0","0"
"7859","アルメディオ","東証","20230309","日証金","確報","15500","8800","822600","0","0","8800","813800","6700"
"7860","エイベックス","東証","20230309","日証金","確報","200","0","6400","2000","0","2000","4400","-1800"
"7863","平賀","東証","20230309","日証金","確報","0","0","30600","0","0","0","30600","0"
"7864","フジシール","東証","20230309","日証金","確報","200","100","4000","0","0","1700","2300","100"
"7865","ピープル","東証","20230309","日証金","確報","0","400","3800","0","0","0","3800","-400"
"7867","タカラトミー","東証","20230309","日証金","確報","200","300","6100","1700","1100","2800","3300","-700"
"7868","広済堂ＨＤ","東証","20230309","日証金","確報","3400","0","23200","1100","45200","108200","-85000","47500"
"7870","福島印刷","名証","20230309","日証金","確報","0","0","3800","0","0","0","3800","0"
"7871","フクビ化学工業","名証","20230309","日証金","確報","0","0","0","0","0","0","0","0"
"7871","フクビ化学工業","東証","20230309","日証金","確報","0","0","1200","0","0","0","1200","0"
"7872","エステールＨＤ","東証","20230309","日証金","確報","0","0","100","0","0","0","100","0"
"7874","レック","東証","20230309","日証金","確報","200","0","1200","600","1600","13200","-12000","1200"
"7875","竹田印刷","名証","20230309","日証金","確報","0","0","0","0","0","0","0","0"
"7875","竹田印刷","東証","20230309","日証金","確報","0","200","600","0","0","0","600","-200"
"7877","永大化工","東証","20230309","日証金","確報","0","0","0","0","0","0","0","0"
"7878","光・彩","東証","20230309","日証金","確報","500","300","700","0","0","0","700","200"
"7879","ノダ","東証","20230309","日証金","確報","0","100","15700","0","0","1700","14000","-100"
"7883","サンメッセ","東証","20230309","日証金","確報","0","0","600","0","0","0","600","0"
"7885","タカノ","東証","20230309","日証金","確報","0","100","900","0","100","100","800","0"
"7886","ヤマト・インダストリ","東証","20230309","日証金","確報","0","500","1700","0","0","0","1700","-500"
"7887","南海プライウッド","東証","20230309","日証金","確報","0","0","600","0","0","0","600","0"
"7888","三光合成","東証","20230309","日証金","確報","3900","1800","41600","500","1900","34200","7400","3500"
"7893","プロネクサス","東証","20230309","日証金","確報","1600","100","1700","0","0","100","1600","1500"
"7894","丸東産業","福証","20230309","日証金","確報","0","0","5100","0","0","0","5100","0"
"7895","中央化学","東証","20230309","日証金","確報","0","0","0","0","0","0","0","0"
"7896","セブン工業","名証","20230309","日証金","確報","0","0","0","0","0","0","0","0"
"7896","セブン工業","東証","20230309","日証金","確報","0","0","2800","0","0","0","2800","0"
"7897","ホクシン","東証","20230309","日証金","確報","3900","900","32400","0","0","0","32400","3000"
"7898","ウッドワン","東証","20230309","日証金","確報","5200","7800","51900","0","4900","30500","21400","2300"
"7899","ＭＩＣＳ化学","東証","20230309","日証金","確報","500","0","17300","0","0","0","17300","500"
"7901","マツモト","東証","20230309","日証金","確報","600","1000","2600","0","0","0","2600","-400"
"7902","ソノコム","東証","20230309","日証金","確報","0","0","0","0","0","0","0","0"
"7905","大建工業","東証","20230309","日証金","確報","1700","0","26100","0","2200","1900","24200","3900"
"7906","ヨネックス","東証","20230309","日証金","確報","100","300","18500","0","0","0","18500","-200"
"7908","きもと","東証","20230309","日証金","確報","0","3000","62500","0","0","0","62500","-3000"
"7911","凸版印刷","東証","20230309","日証金","確報","3100","0","7700","4300","1600","100600","-92900","400"
"7912","大日本印刷","東証","20230309","日証金","確報","14800","400","20700","3500","9900","344300","-323600","20800"
"7914","共同印刷","東証","20230309","日証金","確報","0","0","900","200","100","2300","-1400","-100"
"7915","ＮＩＳＳＨＡ","東証","20230309","日証金","確報","2400","600","3800","1700","2800","5700","-1900","2900"
"7916","光村印刷","東証","20230309","日証金","確報","0","1500","3700","0","0","200","3500","-1500"
"7917","藤森工業","東証","20230309","日証金","確報","0","400","2700","0","0","300","2400","-400"
"7918","ヴィアＨＤ","東証","20230309","日証金","確報","0","0","23600","0","0","0","23600","0"
"7919","野崎印刷紙業","東証","20230309","日証金","確報","17300","14700","257100","0","0","0","257100","2600"
"7921","ＴＡＫＡＲＡ＆ＣＯ","東証","20230309","日証金","確報","200","500","1600","100","0","1600","0","-400"
"7922","三光産業","東証","20230309","日証金","確報","13700","0","307300","0","0","0","307300","13700"
"7923","トーイン","東証","20230309","日証金","確報","0","0","200","0","0","0","200","0"
"7925","前澤化成工業","東証","20230309","日証金","確報","1200","900","2100","300","100","2000","100","100"
"7927","ムトー精工","東証","20230309","日証金","確報","0","3900","18800","0","0","0","18800","-3900"
"7928","旭化学工業","東証","20230309","日証金","確報","2000","0","31900","0","0","0","31900","2000"
"7931","未来工業","名証","20230309","日証金","確報","0","0","0","0","0","0","0","0"
"7931","未来工業","東証","20230309","日証金","確報","0","200","2800","200","0","7300","-4500","-400"
"7932","ニッピ","東証","20230309","日証金","確報","0","0","47400","0","0","0","47400","0"
"7936","アシックス","東証","20230309","日証金","確報","3000","4800","29500","19500","10800","194200","-164700","-10500"
"7937","ツツミ","東証","20230309","日証金","確報","100","0","300","400","100","1400","-1100","-200"
"7938","リーガルコーポ","東証","20230309","日証金","確報","0","0","600","0","0","0","600","0"
"7939","研創","東証","20230309","日証金","確報","200","0","4900","0","0","0","4900","200"
"7940","ウェーブロックＨＤ","東証","20230309","日証金","確報","0","0","4600","0","0","0","4600","0"
"7942","ジェイ　エス　ピー","東証","20230309","日証金","確報","400","400","1800","1500","0","7800","-6000","-1500"
"7943","ニチハ","名証","20230309","日証金","確報","0","0","0","0","0","0","0","0"
"7943","ニチハ","東証","20230309","日証金","確報","0","0","400","0","0","500","-100","0"
"7944","ローランド","東証","20230309","日証金","確報","200","1700","600","100","0","600","0","-1600"
"7946","光陽社","東証","20230309","日証金","確報","400","0","1900","0","0","0","1900","400"
"7947","エフピコ","東証","20230309","日証金","確報","0","100","2100","0","0","0","2100","-100"
"7949","小松ウオール工業","東証","20230309","日証金","確報","300","600","500","0","0","500","0","-300"
"7950","日本デコラックス","名証","20230309","日証金","確報","0","0","0","0","0","0","0","0"
"7951","ヤマハ","東証","20230309","日証金","確報","0","700","13200","600","6600","35600","-22400","5300"
"7952","河合楽器製作所","東証","20230309","日証金","確報","100","0","800","200","0","800","0","-100"
"7953","菊水化学工業","名証","20230309","日証金","確報","0","0","0","0","0","0","0","0"
"7953","菊水化学工業","東証","20230309","日証金","確報","500","500","10700","0","0","0","10700","0"
"7955","クリナップ","東証","20230309","日証金","確報","4600","200","4900","1700","600","5500","-600","3300"
"7956","ピジョン","東証","20230309","日証金","確報","0","2300","15500","600","300","9300","6200","-2600"
"7957","フジコピアン","東証","20230309","日証金","確報","0","0","0","0","0","0","0","0"
"7958","天馬","東証","20230309","日証金","確報","0","0","1500","0","0","100","1400","0"
"7961","兼松サステック","東証","20230309","日証金","確報","0","0","400","0","0","0","400","0"
"7962","キングジム","東証","20230309","日証金","確報","0","0","5600","100","100","5600","0","0"
"7963","興研","東証","20230309","日証金","確報","0","100","7700","0","0","0","7700","-100"
"7965","象印マホービン","東証","20230309","日証金","確報","0","0","3400","1000","0","12700","-9300","-1000"
"7966","リンテック","東証","20230309","日証金","確報","0","0","5300","0","100","700","4600","100"
"7970","信越ポリマー","東証","20230309","日証金","確報","500","1300","15700","900","0","1400","14300","-1700"
"7971","東リ","東証","20230309","日証金","確報","9200","0","80700","6500","0","24100","56600","2700"
"7972","イトーキ","東証","20230309","日証金","確報","3500","600","42700","0","0","17600","25100","2900"
"7974","任天堂","東証","20230309","日証金","確報","1500","20500","537300","5100","0","8500","528800","-24100"
"7975","リヒトラブ","名証","20230309","日証金","確報","0","0","0","0","0","0","0","0"
"7975","リヒトラブ","東証","20230309","日証金","確報","0","100","0","0","0","0","0","-100"
"7976","三菱鉛筆","東証","20230309","日証金","確報","0","0","200","100","0","1100","-900","-100"
"7979","松風","東証","20230309","日証金","確報","0","100","7600","0","0","100","7500","-100"
"7980","重松製作所","東証","20230309","日証金","確報","0","200","15400","0","0","0","15400","-200"
"7981","タカラスタンダード","東証","20230309","日証金","確報","1000","400","2400","2500","100","5200","-2800","-1800"
"7983","ミロク","東証","20230309","日証金","確報","0","0","1300","0","0","0","1300","0"
"7984","コクヨ","東証","20230309","日証金","確報","0","12500","1500","5300","900","15200","-13700","-16900"
"7985","ネポン","東証","20230309","日証金","確報","0","0","300","0","0","0","300","0"
"7986","日本アイ・エス・ケイ","東証","20230309","日証金","確報","0","0","0","0","0","0","0","0"
"7987","ナカバヤシ","東証","20230309","日証金","確報","500","500","5100","0","0","5100","0","0"
"7988","ニフコ","東証","20230309","日証金","確報","100","8100","300","0","100","8000","-7700","-7900"
"7989","立川ブラインド工業","東証","20230309","日証金","確報","0","0","200","100","0","3300","-3100","-100"
"7990","グローブライド","東証","20230309","日証金","確報","400","200","2200","0","100","900","1300","300"
"7991","マミヤ・オーピー","東証","20230309","日証金","確報","200","4500","17600","1900","1900","6100","11500","-4300"
"7992","セーラー万年筆","東証","20230309","日証金","確報","0","0","32100","0","0","0","32100","0"
"7994","オカムラ","東証","20230309","日証金","確報","0","300","900","0","600","900","0","300"
"7995","バルカー","東証","20230309","日証金","確報","400","0","12200","1600","1500","5400","6800","300"
"7997","くろがね工作所","東証","20230309","日証金","確報","200","0","900","0","0","0","900","200"
"7999","ＭＵＴＯＨ－ＨＤ","東証","20230309","日証金","確報","300","600","5900","0","0","0","5900","-300"
"8001","伊藤忠商事","東証","20230309","日証金","確報","5000","7500","77900","24600","100","29400","48500","-27000"
"8002","丸紅","東証","20230309","日証金","確報","34300","5900","144200","44900","16500","144200","0","0"
"8005","スクロール","東証","20230309","日証金","確報","300","0","33300","0","3600","3500","29800","3900"
"8006","ユアサ・フナショク","東証","20230309","日証金","確報","100","0","2500","0","0","0","2500","100"
"8007","高島","東証","20230309","日証金","確報","300","100","1300","200","0","1300","0","0"
"8008","ヨンドシーホールディ","東証","20230309","日証金","確報","200","200","4000","2600","600","19900","-15900","-2000"
"8011","三陽商会","東証","20230309","日証金","確報","10000","900","13000","1300","5200","95300","-82300","13000"
"8012","長瀬産業","東証","20230309","日証金","確報","900","1400","4000","4800","100","9200","-5200","-5200"
"8013","ナイガイ","東証","20230309","日証金","確報","200","1500","147000","0","0","200","146800","-1300"
"8014","蝶理","東証","20230309","日証金","確報","600","400","4700","600","400","4700","0","0"
"8015","豊田通商","名証","20230309","日証金","確報","0","0","0","0","0","0","0","0"
"8015","豊田通商","東証","20230309","日証金","確報","300","5800","4600","3600","700","13000","-8400","-8400"
"8016","オンワードＨＤ","東証","20230309","日証金","確報","39900","37000","108500","11900","51200","66300","42200","42200"
"8018","三共生興","東証","20230309","日証金","確報","0","1500","14400","0","0","100","14300","-1500"
"8020","兼松","東証","20230309","日証金","確報","800","2200","15900","3900","0","9300","6600","-5300"
"8022","美津濃","東証","20230309","日証金","確報","19600","500","31600","3200","800","11100","20500","16700"
"8023","大興電子通信","東証","20230309","日証金","確報","0","0","8400","0","0","0","8400","0"
"8025","ツカモトコーポ","東証","20230309","日証金","確報","0","0","300","0","0","0","300","0"
"8029","ルックＨＤ","東証","20230309","日証金","確報","4600","1200","10400","700","5000","7500","2900","7700"
"8030","中央魚類","東証","20230309","日証金","確報","0","0","400","0","0","0","400","0"
"8031","三井物産","名証","20230309","日証金","確報","0","0","700","0","0","800","-100","0"
"8031","三井物産","札証","20230309","日証金","確報","0","0","0","0","0","0","0","0"
"8031","三井物産","東証","20230309","日証金","確報","700","26900","66500","21200","0","68200","-1700","-47400"
"8031","三井物産","福証","20230309","日証金","確報","0","0","0","0","0","0","0","0"
"8032","日本紙パルプ商事","東証","20230309","日証金","確報","1600","1200","2100","500","100","2100","0","0"
"8035","東京エレクトロン","東証","20230309","日証金","確報","700","5100","27000","42900","300","138700","-111700","-47000"
"8037","カメイ","東証","20230309","日証金","確報","200","800","11800","500","100","1700","10100","-1000"
"8038","東都水産","東証","20230309","日証金","確報","0","0","200","0","0","0","200","0"
"8039","築地魚市場","東証","20230309","日証金","確報","200","0","1400","0","0","0","1400","200"
"8040","東京ソワール","東証","20230309","日証金","確報","200","0","500","0","0","0","500","200"
"8041","ＯＵＧＨＤ","東証","20230309","日証金","確報","100","100","800","100","0","200","600","-100"
"8043","スターゼン","東証","20230309","日証金","確報","200","200","2500","100","0","200","2300","-100"
"8045","横浜丸魚","東証","20230309","日証金","確報","0","0","1100","0","0","0","1100","0"
"8046","丸藤シートパイル","東証","20230309","日証金","確報","0","200","2400","0","0","0","2400","-200"
"8050","セイコーグループ","東証","20230309","日証金","確報","1000","1700","6800","0","0","600","6200","-700"
"8051","山善","東証","20230309","日証金","確報","3300","100","6900","100","300","10800","-3900","3400"
"8052","椿本興業","東証","20230309","日証金","確報","0","100","1400","0","0","1500","-100","-100"
"8053","住友商事","東証","20230309","日証金","確報","25200","3000","116200","200","22500","14300","101900","44500"
"8056","ＢＩＰＲＯＧＹ","東証","20230309","日証金","確報","0","300","2400","200","0","700","1700","-500"
"8057","内田洋行","東証","20230309","日証金","確報","0","0","6500","100","0","5300","1200","-100"
"8058","三菱商事","東証","20230309","日証金","確報","58500","27500","180100","63200","1100","180100","0","-31100"
"8059","第一実業","東証","20230309","日証金","確報","0","300","1300","0","300","1300","0","0"
"8060","キヤノンＭＪ","東証","20230309","日証金","確報","0","1900","400","3700","2000","12900","-12500","-3600"
"8061","西華産業","東証","20230309","日証金","確報","300","1300","3700","0","0","700","3000","-1000"
"8065","佐藤商事","東証","20230309","日証金","確報","400","100","2900","0","300","1500","1400","600"
"8066","三谷商事","東証","20230309","日証金","確報","400","100","500","0","0","0","500","300"
"8068","菱洋エレクトロ","東証","20230309","日証金","確報","2400","3600","48500","0","3100","5500","43000","1900"
"8070","東京産業","東証","20230309","日証金","確報","0","0","800","0","0","0","800","0"
"8071","東海エレクトロニクス","名証","20230309","日証金","確報","0","0","300","0","0","0","300","0"
"8072","日本出版貿易","東証","20230309","日証金","確報","0","0","100","0","0","0","100","0"
"8074","ユアサ商事","東証","20230309","日証金","確報","0","100","400","0","0","1600","-1200","-100"
"8075","神鋼商事","東証","20230309","日証金","確報","0","1700","15500","200","0","27500","-12000","-1900"
"8076","カノークス","名証","20230309","日証金","確報","0","0","300","0","0","0","300","0"
"8076","カノークス","東証","20230309","日証金","確報","200","0","4500","0","0","0","4500","200"
"8077","トルク","東証","20230309","日証金","確報","2700","2700","58400","0","0","58400","0","0"
"8078","阪和興業","東証","20230309","日証金","確報","0","400","10300","100","0","2100","8200","-500"
"8079","正栄食品工業","東証","20230309","日証金","確報","0","800","1500","2800","400","30100","-28600","-3200"
"8081","カナデン","東証","20230309","日証金","確報","5000","1100","8700","0","0","0","8700","3900"
"8084","菱電商事","東証","20230309","日証金","確報","0","0","3900","300","0","500","3400","-300"
"8085","ナラサキ産業","札証","20230309","日証金","確報","0","0","0","0","0","0","0","0"
"8085","ナラサキ産業","東証","20230309","日証金","確報","0","0","1000","0","0","0","1000","0"
"8086","ニプロ","東証","20230309","日証金","確報","0","2100","31600","300","900","46000","-14400","-1500"
"8088","岩谷産業","東証","20230309","日証金","確報","0","900","10500","200","100","500","10000","-1000"
"8089","ナイス","東証","20230309","日証金","確報","0","0","200","0","0","800","-600","0"
"8091","ニチモウ","東証","20230309","日証金","確報","0","0","4300","0","100","500","3800","100"
"8093","極東貿易","東証","20230309","日証金","確報","400","500","11000","0","0","400","10600","-100"
"8095","アステナＨＤ","東証","20230309","日証金","確報","900","0","7500","1400","0","12200","-4700","-500"
"8096","兼松エレクトロニクス","東証","20230309","日証金","確報","0","0","100","0","0","100","0","0"
"8097","三愛オブリ","東証","20230309","日証金","確報","0","600","500","0","100","300","200","-500"
"8098","稲畑産業","東証","20230309","日証金","確報","900","6900","6800","500","200","6800","0","-6300"
"8101","ＧＳＩクレオス","東証","20230309","日証金","確報","1000","400","4900","700","100","4900","0","0"
"8103","明和産業","東証","20230309","日証金","確報","1500","5400","65900","0","0","0","65900","-3900"
"8104","クワザワＨＤ","札証","20230309","日証金","確報","0","0","0","0","0","0","0","0"
"8104","クワザワＨＤ","東証","20230309","日証金","確報","0","0","3100","0","0","0","3100","0"
"8105","堀田丸正","東証","20230309","日証金","確報","0","0","48400","0","0","0","48400","0"
"8107","キムラタン","東証","20230309","日証金","確報","300","1000","206600","0","0","0","206600","-700"
"8111","ゴールドウィン","東証","20230309","日証金","確報","0","0","300","4400","11600","177200","-176900","7200"
"8113","ユニ・チャーム","東証","20230309","日証金","確報","300","20600","7200","11000","500","26700","-19500","-30800"
"8114","デサント","東証","20230309","日証金","確報","1400","1500","2300","2300","4600","58100","-55800","2200"
"8115","ムーンバット","東証","20230309","日証金","確報","0","0","200","0","0","200","0","0"
"8117","中央自動車工業","東証","20230309","日証金","確報","200","0","900","100","0","200","700","100"
"8118","キング","東証","20230309","日証金","確報","0","0","600","0","100","400","200","100"
"8119","三栄コーポレーション","東証","20230309","日証金","確報","0","0","0","0","0","0","0","0"
"8123","川辺","東証","20230309","日証金","確報","0","0","4600","0","0","0","4600","0"
"8125","ワキタ","東証","20230309","日証金","確報","0","2000","10800","800","200","2000","8800","-2600"
"8127","ヤマトインタ","東証","20230309","日証金","確報","7100","0","15500","0","0","4200","11300","7100"
"8129","東邦ホールディングス","東証","20230309","日証金","確報","0","0","3900","1900","500","8900","-5000","-1400"
"8130","サンゲツ","名証","20230309","日証金","確報","0","0","0","0","0","0","0","0"
"8130","サンゲツ","東証","20230309","日証金","確報","1800","2400","15700","3300","1400","32400","-16700","-2500"
"8131","ミツウロコＧＨＤ","東証","20230309","日証金","確報","200","600","13000","300","700","13000","0","0"
"8132","シナネンＨＤ","東証","20230309","日証金","確報","0","400","200","0","0","0","200","-400"
"8133","伊藤忠エネクス","東証","20230309","日証金","確報","600","1800","2600","0","1000","2600","0","-200"
"8135","ゼット","東証","20230309","日証金","確報","2100","3500","22300","0","0","0","22300","-1400"
"8136","サンリオ","東証","20230309","日証金","確報","2200","4900","34700","2000","2300","20800","13900","-2400"
"8137","サンワテクノス","東証","20230309","日証金","確報","100","0","7200","0","400","1200","6000","500"
"8138","三京化成","東証","20230309","日証金","確報","0","0","400","0","0","0","400","0"
"8139","ナガホリ","東証","20230309","日証金","確報","2500","4100","150900","0","0","0","150900","-1600"
"8140","リョーサン","東証","20230309","日証金","確報","300","600","10400","300","0","1200","9200","-600"
"8141","新光商事","東証","20230309","日証金","確報","400","700","19200","0","300","1100","18100","0"
"8142","トーホー","東証","20230309","日証金","確報","0","2000","4900","600","4000","3500","1400","1400"
"8143","ラピーヌ","東証","20230309","日証金","確報","0","0","2200","0","0","0","2200","0"
"8144","デンキョーグループ","東証","20230309","日証金","確報","0","0","300","0","0","0","300","0"
"8145","中部水産","名証","20230309","日証金","確報","0","0","1900","0","0","0","1900","0"
"8147","トミタ","東証","20230309","日証金","確報","0","0","400","0","0","0","400","0"
"8150","三信電気","東証","20230309","日証金","確報","200","300","7900","0","0","1700","6200","-100"
"8151","東陽テクニカ","東証","20230309","日証金","確報","0","200","4200","500","0","2100","2100","-700"
"8152","ソマール","東証","20230309","日証金","確報","0","0","1200","0","0","0","1200","0"
"8153","モスフードサービス","東証","20230309","日証金","確報","400","0","2200","0","300","8200","-6000","700"
"8154","加賀電子","東証","20230309","日証金","確報","2000","1300","14100","700","0","14100","0","0"
"8155","三益半導体工業","東証","20230309","日証金","確報","800","3500","2700","1700","0","7100","-4400","-4400"
"8157","都築電気","東証","20230309","日証金","確報","0","0","2500","0","100","300","2200","100"
"8158","ソーダニッカ","東証","20230309","日証金","確報","18000","4100","32400","28200","0","32400","0","-14300"
"8159","立花エレテック","東証","20230309","日証金","確報","3600","400","7300","0","3100","1000","6300","6300"
"8160","木曽路","名証","20230309","日証金","確報","0","0","0","0","0","0","0","0"
"8160","木曽路","東証","20230309","日証金","確報","2200","0","4600","2300","1400","34600","-30000","1300"
"8163","ＳＲＳＨＤ","東証","20230309","日証金","確報","0","0","23900","14400","31900","70200","-46300","17500"
"8165","千趣会","東証","20230309","日証金","確報","0","3800","0","0","100","3700","-3700","-3700"
"8167","リテールパートナーズ","東証","20230309","日証金","確報","600","600","7700","300","300","7700","0","0"
"8168","ケーヨー","東証","20230309","日証金","確報","300","300","6100","0","0","6100","0","0"
"8173","上新電機","東証","20230309","日証金","確報","700","600","3000","100","0","3000","0","0"
"8174","日本瓦斯","東証","20230309","日証金","確報","0","100","3700","400","200","1100","2600","-300"
"8179","ロイヤルＨＤ","東証","20230309","日証金","確報","1900","200","5300","2300","5100","104800","-99500","4500"
"8179","ロイヤルＨＤ","福証","20230309","日証金","確報","0","0","0","0","0","0","0","0"
"8181","東天紅","東証","20230309","日証金","確報","0","0","0","0","0","0","0","0"
"8182","いなげや","東証","20230309","日証金","確報","0","0","2600","1400","0","25300","-22700","-1400"
"8185","チヨダ","東証","20230309","日証金","確報","900","700","9200","200","0","9200","0","0"
"8190","ヤマナカ","名証","20230309","日証金","確報","0","0","200","0","0","0","200","0"
"8194","ライフコーポ","東証","20230309","日証金","確報","15400","400","17200","0","0","3900","13300","15000"
"8198","マックスバリュ東海","東証","20230309","日証金","確報","0","300","300","0","0","0","300","-300"
"8200","リンガーハット","東証","20230309","日証金","確報","2000","0","5200","700","5600","43600","-38400","6900"
"8200","リンガーハット","福証","20230309","日証金","確報","0","0","0","0","0","0","0","0"
"8202","ラオックスＨＤ","東証","20230309","日証金","確報","110500","109500","1360200","1000","0","1360200","0","0"
"8203","ＭｒＭａｘＨＤ","東証","20230309","日証金","確報","1300","300","3100","500","500","800","2300","1000"
"8203","ＭｒＭａｘＨＤ","福証","20230309","日証金","確報","0","0","0","0","0","0","0","0"
"8207","テンアライド","東証","20230309","日証金","確報","900","0","8900","0","0","0","8900","900"
"8208","エンチョー","東証","20230309","日証金","確報","0","0","0","0","0","0","0","0"
"8209","フレンドリー","東証","20230309","日証金","確報","300","0","4500","0","0","0","4500","300"
"8214","ＡＯＫＩＨＤ","東証","20230309","日証金","確報","1300","6300","24700","1000","6000","24700","0","0"
"8215","銀座山形屋","東証","20230309","日証金","確報","0","0","200","0","0","0","200","0"
"8217","オークワ","東証","20230309","日証金","確報","900","1300","6500","0","400","6500","0","0"
"8218","コメリ","東証","20230309","日証金","確報","1900","1000","4000","0","0","2900","1100","900"
"8219","青山商事","東証","20230309","日証金","確報","0","400","63000","2800","1400","24000","39000","-1800"
"8225","タカチホ","東証","20230309","日証金","確報","0","0","2600","0","0","0","2600","0"
"8226","理経","東証","20230309","日証金","確報","200","200","34700","0","0","0","34700","0"
"8227","しまむら","東証","20230309","日証金","確報","0","0","1400","3400","100","45200","-43800","-3300"
"8228","マルイチ産商","名証","20230309","日証金","確報","0","0","200","0","0","0","200","0"
"8230","はせがわ","東証","20230309","日証金","確報","400","400","18300","0","0","0","18300","0"
"8230","はせがわ","福証","20230309","日証金","確報","0","0","0","0","0","0","0","0"
"8233","高島屋","東証","20230309","日証金","確報","7700","2200","16700","7300","33900","104900","-88200","32100"
"8237","松屋","東証","20230309","日証金","確報","700","0","27300","2600","700","6400","20900","-1200"
"8242","Ｈ２Ｏリテイリング","東証","20230309","日証金","確報","3500","12600","12700","2100","200","5600","7100","-11000"
"8244","近鉄百貨店","東証","20230309","日証金","確報","900","0","3200","900","0","3200","0","0"
"8247","大和","東証","20230309","日証金","確報","0","400","700","0","0","0","700","-400"
"8249","テクノアソシエ","東証","20230309","日証金","確報","200","400","17800","0","0","0","17800","-200"
"8252","丸井グループ","東証","20230309","日証金","確報","100","0","15900","100","500","1200","14700","500"
"8253","クレディセゾン","東証","20230309","日証金","確報","2300","6900","6100","500","100","6100","0","-5000"
"8254","さいか屋","東証","20230309","日証金","確報","0","5800","27900","0","0","0","27900","-5800"
"8255","アクシアル　リテ","東証","20230309","日証金","確報","0","100","0","300","300","2600","-2600","-100"
"8256","プロルート丸光","東証","20230309","日証金","確報","30500","0","445800","0","0","0","445800","30500"
"8260","井筒屋","東証","20230309","日証金","確報","11300","0","57600","0","0","100","57500","11300"
"8260","井筒屋","福証","20230309","日証金","確報","0","0","0","0","0","0","0","0"
"8267","イオン","東証","20230309","日証金","確報","1600","28800","191400","0","8900","617800","-426400","-18300"
"8273","イズミ","東証","20230309","日証金","確報","1300","300","2800","900","200","2500","300","300"
"8275","フォーバル","東証","20230309","日証金","確報","0","100","400","3600","0","6900","-6500","-3700"
"8276","平和堂","東証","20230309","日証金","確報","600","400","700","100","0","3300","-2600","100"
"8278","フジ","東証","20230309","日証金","確報","500","200","5300","400","0","500","4800","-100"
"8279","ヤオコー","東証","20230309","日証金","確報","900","0","1000","500","300","500","500","700"
"8281","ゼビオＨＤ","東証","20230309","日証金","確報","0","600","17200","0","0","0","17200","-600"
"8282","ケーズホールディング","東証","20230309","日証金","確報","2200","10100","126800","1700","0","5400","121400","-9600"
"8283","ＰＡＬＴＡＣ","東証","20230309","日証金","確報","1000","0","1300","500","300","22400","-21100","800"
"8285","三谷産業","名証","20230309","日証金","確報","0","0","0","0","0","0","0","0"
"8285","三谷産業","東証","20230309","日証金","確報","100","0","8300","0","0","700","7600","100"
"8289","Ｏｌｙｍｐｉｃグルー","東証","20230309","日証金","確報","0","0","5500","0","0","500","5000","0"
"8291","日産東京販売ＨＤ","東証","20230309","日証金","確報","4300","900","50300","100","0","3800","46500","3300"
"8303","ＳＢＩ新生銀行","東証","20230309","日証金","確報","96300","65000","183600","1300","0","202500","-18900","30000"
"8304","あおぞら銀行","東証","20230309","日証金","確報","500","8100","81500","0","0","0","81500","-7600"
"8306","三菱ＵＦＪＦＧ","名証","20230309","日証金","確報","0","0","100","0","0","0","100","0"
"8306","三菱ＵＦＪＦＧ","東証","20230309","日証金","確報","69100","536500","2083000","145200","86900","1251300","831700","-525700"
"8308","りそなＨＤ","東証","20230309","日証金","確報","9100","232200","200200","467700","96200","1321700","-1121500","-594600"
"8309","三井住友トラストＨＤ","名証","20230309","日証金","確報","0","0","0","0","0","0","0","0"
"8309","三井住友トラストＨＤ","東証","20230309","日証金","確報","3500","3000","37400","1400","900","37400","0","0"
"8316","三井住友ＦＧ","名証","20230309","日証金","確報","0","0","0","100","0","200","-200","-100"
"8316","三井住友ＦＧ","東証","20230309","日証金","確報","19000","49000","256900","47100","7300","256900","0","-69800"
"8331","千葉銀行","東証","20230309","日証金","確報","1200","1600","20100","34300","28100","551100","-531000","-6600"
"8334","群馬銀行","東証","20230309","日証金","確報","10100","5200","44700","9500","7400","41900","2800","2800"
"8336","武蔵野銀行","東証","20230309","日証金","確報","1000","0","29800","500","0","6900","22900","500"
"8337","千葉興業銀行","東証","20230309","日証金","確報","1200","44200","58500","5800","26300","26900","31600","-22500"
"8338","筑波銀行","東証","20230309","日証金","確報","69200","14900","132500","56800","2500","132500","0","0"
"8341","七十七銀行","札証","20230309","日証金","確報","0","0","0","0","0","0","0","0"
"8341","七十七銀行","東証","20230309","日証金","確報","600","1400","10700","800","100","4600","6100","-1500"
"8343","秋田銀行","東証","20230309","日証金","確報","0","300","2400","100","0","700","1700","-400"
"8344","山形銀行","東証","20230309","日証金","確報","100","1300","21900","0","300","38200","-16300","-900"
"8345","岩手銀行","東証","20230309","日証金","確報","0","3000","4300","0","0","1700","2600","-3000"
"8346","東邦銀行","東証","20230309","日証金","確報","1000","9400","29100","600","3900","25700","3400","-5100"
"8349","東北銀行","東証","20230309","日証金","確報","100","0","4200","0","0","0","4200","100"
"8354","ふくおかＦＧ","東証","20230309","日証金","確報","200","3600","30400","400","600","28300","2100","-3200"
"8354","ふくおかＦＧ","福証","20230309","日証金","確報","0","0","0","0","0","0","0","0"
"8358","スルガ銀行","東証","20230309","日証金","確報","0","46400","262300","0","3000","98500","163800","-43400"
"8359","八十二銀行","東証","20230309","日証金","確報","29200","16900","122400","14900","2600","122400","0","0"
"8360","山梨中央銀行","東証","20230309","日証金","確報","300","2100","12700","200","0","11300","1400","-2000"
"8361","大垣共立銀行","名証","20230309","日証金","確報","0","0","0","0","0","0","0","0"
"8361","大垣共立銀行","東証","20230309","日証金","確報","4500","1600","6100","800","0","4000","2100","2100"
"8362","福井銀行","東証","20230309","日証金","確報","200","600","3000","200","0","12600","-9600","-600"
"8364","清水銀行","東証","20230309","日証金","確報","100","0","900","0","0","100","800","100"
"8365","富山銀行","東証","20230309","日証金","確報","100","2600","5000","300","0","24500","-19500","-2800"
"8366","滋賀銀行","東証","20230309","日証金","確報","100","100","8200","400","100","2400","5800","-300"
"8367","南都銀行","東証","20230309","日証金","確報","100","400","9000","100","100","1200","7800","-300"
"8368","百五銀行","名証","20230309","日証金","確報","0","0","0","0","0","0","0","0"
"8368","百五銀行","東証","20230309","日証金","確報","500","12400","18000","3500","1700","13300","4700","-13700"
"8369","京都銀行","東証","20230309","日証金","確報","700","3500","8400","13300","5000","22600","-14200","-11100"
"8370","紀陽銀行","東証","20230309","日証金","確報","400","5200","17900","2700","0","25400","-7500","-7500"
"8377","ほくほくＦＧ","札証","20230309","日証金","確報","0","0","0","0","0","0","0","0"
"8377","ほくほくＦＧ","東証","20230309","日証金","確報","50800","3000","88500","48200","400","88500","0","0"
"8381","山陰合同銀行","東証","20230309","日証金","確報","300","1700","12400","900","2600","8800","3600","300"
"8383","鳥取銀行","東証","20230309","日証金","確報","500","600","3700","0","0","3700","0","-100"
"8386","百十四銀行","東証","20230309","日証金","確報","0","2200","4500","1200","0","1700","2800","-3400"
"8387","四国銀行","東証","20230309","日証金","確報","600","300","5300","300","0","5300","0","0"
"8388","阿波銀行","東証","20230309","日証金","確報","1100","100","5300","1000","0","5300","0","0"
"8392","大分銀行","東証","20230309","日証金","確報","200","100","3100","0","0","1200","1900","100"
"8392","大分銀行","福証","20230309","日証金","確報","0","0","0","0","0","0","0","0"
"8393","宮崎銀行","東証","20230309","日証金","確報","100","0","2000","0","0","400","1600","100"
"8393","宮崎銀行","福証","20230309","日証金","確報","0","0","0","0","0","0","0","0"
"8395","佐賀銀行","東証","20230309","日証金","確報","0","0","2000","300","0","400","1600","-300"
"8395","佐賀銀行","福証","20230309","日証金","確報","0","0","0","0","0","0","0","0"
"8398","筑邦銀行","福証","20230309","日証金","確報","0","0","200","0","0","0","200","0"
"8399","琉球銀行","東証","20230309","日証金","確報","0","1100","14500","1800","500","10800","3700","-2400"
"8399","琉球銀行","福証","20230309","日証金","確報","0","0","0","0","0","0","0","0"
"8410","セブン銀行","東証","20230309","日証金","確報","5000","0","35900","155000","41300","560600","-524700","-108700"
"8411","みずほＦＧ","東証","20230309","日証金","確報","29600","6100","193200","0","65400","650500","-457300","88900"
"8416","高知銀行","東証","20230309","日証金","確報","0","200","5800","0","0","1700","4100","-200"
"8418","山口ＦＧ","東証","20230309","日証金","確報","100","1900","23300","100","1900","23300","0","0"
"8421","信金中央金庫","東証","20230309","日証金","確報","0","0","1","1","0","6","-5","-1"
"8424","芙蓉総合リース","東証","20230309","日証金","確報","0","600","4800","200","1100","4500","300","300"
"8425","みずほリース","東証","20230309","日証金","確報","2000","0","15600","0","200","400","15200","2200"
"8439","東京センチュリー","東証","20230309","日証金","確報","500","0","2500","0","100","800","1700","600"
"8462","フューチャーＶＣ","東証","20230309","日証金","確報","0","0","14700","0","0","0","14700","0"
"8473","ＳＢＩＨＤ","東証","20230309","日証金","確報","7200","114300","497800","6800","1600","9600","488200","-112300"
"8508","Ｊトラスト","東証","20230309","日証金","確報","800","4900","326200","0","0","0","326200","-4100"
"8511","日本証券金融","東証","20230309","日証金","確報","0","1900","25300","0","200","9300","16000","-1700"
"8515","アイフル","東証","20230309","日証金","確報","37300","15100","307800","100","2600","90400","217400","24700"
"8518","日本アジア投資","東証","20230309","日証金","確報","300","700","70800","0","0","0","70800","-400"
"8521","長野銀行","東証","20230309","日証金","確報","3400","4000","7700","0","600","7700","0","0"
"8522","名古屋銀行","名証","20230309","日証金","確報","0","0","0","0","0","0","0","0"
"8522","名古屋銀行","東証","20230309","日証金","確報","900","700","9500","200","0","9500","0","0"
"8524","北洋銀行","札証","20230309","日証金","確報","0","0","0","0","0","0","0","0"
"8524","北洋銀行","東証","20230309","日証金","確報","86000","21800","163600","67700","3500","163600","0","0"
"8537","大光銀行","東証","20230309","日証金","確報","0","400","1600","0","0","0","1600","-400"
"8540","福岡中央銀行","福証","20230309","日証金","確報","0","0","0","0","0","0","0","0"
"8541","愛媛銀行","東証","20230309","日証金","確報","0","0","4100","0","0","500","3600","0"
"8542","トマト銀行","東証","20230309","日証金","確報","500","0","4000","0","0","300","3700","500"
"8544","京葉銀行","東証","20230309","日証金","確報","37800","2800","74100","9200","2700","131300","-57200","28500"
"8550","栃木銀行","東証","20230309","日証金","確報","0","36200","114000","96000","900","419600","-305600","-131300"
"8551","北日本銀行","東証","20230309","日証金","確報","300","100","500","0","0","19900","-19400","200"
"8554","南日本銀行","福証","20230309","日証金","確報","0","0","7900","0","0","0","7900","0"
"8558","東和銀行","東証","20230309","日証金","確報","1100","1100","23500","1400","0","3100","20400","-1400"
"8559","豊和銀行","福証","20230309","日証金","確報","0","100","2300","0","0","0","2300","-100"
"8560","宮崎太陽銀行","福証","20230309","日証金","確報","0","0","1800","0","0","0","1800","0"
"8562","福島銀行","東証","20230309","日証金","確報","2000","19500","110400","2000","1500","178600","-68200","-18000"
"8563","大東銀行","東証","20230309","日証金","確報","700","4500","15300","700","0","3600","11700","-4500"
"8566","リコーリース","東証","20230309","日証金","確報","0","500","5000","1100","500","3400","1600","-1100"
"8570","イオンＦＳ","東証","20230309","日証金","確報","300","4800","362700","0","0","0","362700","-4500"
"8572","アコム","東証","20230309","日証金","確報","41700","14500","222100","0","0","300","221800","27200"
"8584","ジャックス","東証","20230309","日証金","確報","600","2100","16100","100","1600","16100","0","0"
"8585","オリエントコーポ","東証","20230309","日証金","確報","0","300","67800","0","0","1000","66800","-300"
"8591","オリックス","東証","20230309","日証金","確報","200","2200","80700","30400","400","292500","-211800","-32000"
"8593","三菱ＨＣキャピタル","名証","20230309","日証金","確報","0","0","0","0","0","0","0","0"
"8593","三菱ＨＣキャピタル","東証","20230309","日証金","確報","15000","10200","163700","0","0","0","163700","4800"
"8594","中道リース","札証","20230309","日証金","確報","0","0","0","0","0","0","0","0"
"8595","ジャフコ　グループ","東証","20230309","日証金","確報","9600","5500","137200","0","0","0","137200","4100"
"8596","九州リースサービス","東証","20230309","日証金","確報","5000","4500","15400","0","1000","5500","9900","1500"
"8596","九州リースサービス","福証","20230309","日証金","確報","0","0","0","0","0","0","0","0"
"8600","トモニＨＤ","東証","20230309","日証金","確報","3000","1100","32000","10200","900","21600","10400","-7400"
"8601","大和証券グループ本社","名証","20230309","日証金","確報","0","0","0","0","0","0","0","0"
"8601","大和証券グループ本社","東証","20230309","日証金","確報","1100","500","129400","9900","25100","136600","-7200","15800"
"8604","野村ホールディングス","名証","20230309","日証金","確報","0","0","0","0","0","0","0","0"
"8604","野村ホールディングス","東証","20230309","日証金","確報","29500","3500","409500","46500","1000","259100","150400","-19500"
"8609","岡三証券グループ","名証","20230309","日証金","確報","0","0","0","0","0","0","0","0"
"8609","岡三証券グループ","東証","20230309","日証金","確報","3200","600","24500","3100","0","24500","0","-500"
"8613","丸三証券","東証","20230309","日証金","確報","1100","0","27700","0","200","8000","19700","1300"
"8614","東洋証券","東証","20230309","日証金","確報","82800","309900","4633900","0","0","0","4633900","-227100"
"8616","東海東京ＦＨＤ","名証","20230309","日証金","確報","0","0","0","0","0","0","0","0"
"8616","東海東京ＦＨＤ","東証","20230309","日証金","確報","1500","500","83200","0","1000","16500","66700","2000"
"8617","光世証券","東証","20230309","日証金","確報","0","1800","16800","300","2100","16800","0","0"
"8622","水戸証券","東証","20230309","日証金","確報","53200","80500","406300","59100","2300","406300","0","-84100"
"8624","いちよし証券","東証","20230309","日証金","確報","400","12100","23100","0","800","34000","-10900","-10900"
"8628","松井証券","東証","20230309","日証金","確報","500","1800","12000","100","0","12000","0","-1400"
"8630","ＳＯＭＰＯＨＤ","東証","20230309","日証金","確報","100","5000","12600","2400","3400","58700","-46100","-3900"
"8697","日本取引所グループ","東証","20230309","日証金","確報","0","1400","9400","0","0","2800","6600","-1400"
"8698","マネックスグループ","東証","20230309","日証金","確報","17100","8800","1135500","0","0","101300","1034200","8300"
"8699","ＨＳホールディングス","東証","20230309","日証金","確報","6700","0","31600","100","300","700","30900","6900"
"8700","丸八証券","東証","20230309","日証金","確報","0","0","200","0","0","0","200","0"
"8704","トレイダーズＨＤ","東証","20230309","日証金","確報","5100","400","148500","0","700","0","148500","5400"
"8705","日産証券グループ","東証","20230309","日証金","確報","0","1000","31800","0","0","0","31800","-1000"
"8706","極東証券","東証","20230309","日証金","確報","0","0","6400","0","0","1400","5000","0"
"8707","岩井コスモＨＤ","東証","20230309","日証金","確報","2400","1300","12100","1700","0","12100","0","-600"
"8708","アイザワ証券グループ","東証","20230309","日証金","確報","2000","1400","3600","300","0","3400","200","300"
"8713","フィデアＨＤ","東証","20230309","日証金","確報","200","100","3900","500","0","500","3400","-400"
"8714","池田泉州ＨＤ","東証","20230309","日証金","確報","10700","71100","188300","33800","23900","258600","-70300","-70300"
"8715","アニコムＨＤ","東証","20230309","日証金","確報","500","2400","33200","0","0","0","33200","-1900"
"8725","ＭＳ＆ＡＤ","名証","20230309","日証金","確報","0","0","0","0","0","0","0","0"
"8725","ＭＳ＆ＡＤ","東証","20230309","日証金","確報","1000","11400","11400","14800","0","31400","-20000","-25200"
"8732","マネーパートナーズＧ","東証","20230309","日証金","確報","300","1700","161500","0","0","300","161200","-1400"
"8737","あかつき本社","東証","20230309","日証金","確報","0","2800","10200","0","0","0","10200","-2800"
"8739","スパークス・グループ","東証","20230309","日証金","確報","500","1100","5700","0","0","1500","4200","-600"
"8742","小林洋行","東証","20230309","日証金","確報","0","700","6200","100","0","600","5600","-800"
"8746","第一商品","東証","20230309","日証金","確報","3500","0","119700","0","0","0","119700","3500"
"8747","豊トラスティ証券","東証","20230309","日証金","確報","0","100","1400","0","0","0","1400","-100"
"8750","第一生命ＨＤ","東証","20230309","日証金","確報","29100","18500","102000","800","8500","83700","18300","18300"
"8766","東京海上ＨＤ","東証","20230309","日証金","確報","52900","16900","106900","13800","13700","107900","-1000","35900"
"8769","アドバンテッジリスク","東証","20230309","日証金","確報","700","0","28300","0","0","100","28200","700"
"8771","イー・ギャランティ","東証","20230309","日証金","確報","0","400","2500","0","0","0","2500","-400"
"8772","アサックス","東証","20230309","日証金","確報","0","0","10400","0","0","0","10400","0"
"8783","ＧＦＡ","東証","20230309","日証金","確報","13100","55300","464300","0","0","0","464300","-42200"
"8789","フィンテック","東証","20230309","日証金","確報","15500","800","680000","0","0","17000","663000","14700"
"8793","ＮＥＣキャピタル","東証","20230309","日証金","確報","0","5500","5300","700","900","12300","-7000","-5300"
"8795","Ｔ＆ＤＨＤ","東証","20230309","日証金","確報","100","1100","20200","24900","22000","237300","-217100","-3900"
"8798","アドバンスクリエイト","札証","20230309","日証金","確報","0","0","0","0","0","0","0","0"
"8798","アドバンスクリエイト","東証","20230309","日証金","確報","0","200","3900","400","0","500","3400","-600"
"8798","アドバンスクリエイト","福証","20230309","日証金","確報","0","0","0","0","0","0","0","0"
"8801","三井不動産","東証","20230309","日証金","確報","100","3000","204100","4900","0","4900","199200","-7800"
"8802","三菱地所","東証","20230309","日証金","確報","3500","9300","162000","0","11700","0","162000","5900"
"8803","平和不動産","名証","20230309","日証金","確報","0","0","0","0","0","0","0","0"
"8803","平和不動産","札証","20230309","日証金","確報","0","0","0","0","0","0","0","0"
"8803","平和不動産","東証","20230309","日証金","確報","300","1100","1500","1000","300","7800","-6300","-1500"
"8803","平和不動産","福証","20230309","日証金","確報","0","0","0","0","0","0","0","0"
"8804","東京建物","東証","20230309","日証金","確報","10200","1200","75600","0","300","400","75200","9300"
"8818","京阪神ビルディング","東証","20230309","日証金","確報","0","0","5900","0","500","1100","4800","500"
"8830","住友不動産","東証","20230309","日証金","確報","0","3600","2400","100","1400","1500","900","-2300"
"8835","太平洋興発","東証","20230309","日証金","確報","0","1200","11900","0","800","4000","7900","-400"
"8836","ＲＩＳＥ","東証","20230309","日証金","確報","0","0","20000","0","0","0","20000","0"
"8841","テーオーシー","東証","20230309","日証金","確報","100","600","7400","0","0","500","6900","-500"
"8842","東京楽天地","東証","20230309","日証金","確報","100","500","300","0","0","0","300","-400"
"8844","コスモスイニシア","東証","20230309","日証金","確報","1000","900","17100","0","0","0","17100","100"
"8848","レオパレス２１","東証","20230309","日証金","確報","25600","0","329900","0","0","0","329900","25600"
"8850","スターツコーポ","東証","20230309","日証金","確報","900","200","2000","0","600","0","2000","1300"
"8854","日住サービス","東証","20230309","日証金","確報","0","0","200","0","0","0","200","0"
"8860","フジ住宅","東証","20230309","日証金","確報","0","0","5200","900","0","4200","1000","-900"
"8864","空港施設","東証","20230309","日証金","確報","200","300","4100","0","0","0","4100","-100"
"8869","明和地所","東証","20230309","日証金","確報","1300","100","32400","2000","1200","148300","-115900","400"
"8871","ゴールドクレスト","東証","20230309","日証金","確報","100","0","1600","0","0","0","1600","100"
"8876","リログループ","東証","20230309","日証金","確報","1300","800","10900","800","0","11200","-300","-300"
"8877","エスリード","東証","20230309","日証金","確報","0","400","5800","200","0","2500","3300","-600"
"8881","日神グループＨＤ","東証","20230309","日証金","確報","4000","300","8400","0","2000","600","7800","5700"
"8886","ウッドフレンズ","名証","20230309","日証金","確報","0","0","0","0","0","0","0","0"
"8886","ウッドフレンズ","東証","20230309","日証金","確報","0","0","300","0","0","0","300","0"
"8887","リベレステ","東証","20230309","日証金","確報","700","0","4000","10600","4600","67800","-63800","-5300"
"8889","ＡＰＡＭＡＮ","東証","20230309","日証金","確報","100","800","11900","0","0","0","11900","-700"
"8890","レーサム","東証","20230309","日証金","確報","100","19300","62200","0","0","0","62200","-19200"
"8891","ＡＭＧＨＤ","名証","20230309","日証金","確報","0","0","0","0","0","0","0","0"
"8891","ＡＭＧＨＤ","東証","20230309","日証金","確報","0","100","2800","0","0","0","2800","-100"
"8892","日本エスコン","東証","20230309","日証金","確報","5600","5500","60900","100","0","60900","0","0"
"8893","新日本建物","東証","20230309","日証金","確報","300","300","21500","0","0","18600","2900","0"
"8894","ＲＥＶＯＬＵＴＩＯＮ","東証","20230309","日証金","確報","2100","14900","728800","0","0","0","728800","-12800"
"8897","ミラースＨＤ","東証","20230309","日証金","確報","1400","200","47500","0","4200","2500","45000","5400"
"8898","センチュリー２１","東証","20230309","日証金","確報","0","0","0","0","0","0","0","0"
"8903","サンウッド","東証","20230309","日証金","確報","0","200","5500","0","0","3700","1800","-200"
"8904","ＡＶＡＮＴＩＡ","名証","20230309","日証金","確報","0","0","0","0","0","0","0","0"
"8904","ＡＶＡＮＴＩＡ","東証","20230309","日証金","確報","400","0","1100","800","0","1100","0","-400"
"8905","イオンモール","東証","20230309","日証金","確報","0","0","500","1500","2400","11000","-10500","900"
"8908","毎日コムネット","東証","20230309","日証金","確報","0","100","6600","0","0","0","6600","-100"
"8912","エリアクエスト","東証","20230309","日証金","確報","0","0","23900","0","0","0","23900","0"
"8914","エリアリンク","東証","20230309","日証金","確報","2000","2400","14500","0","400","14500","0","0"
"8917","ファースト住建","東証","20230309","日証金","確報","1100","0","6300","0","0","2300","4000","1100"
"8918","ランド","東証","20230309","日証金","確報","6600","0","157000","0","0","0","157000","6600"
"8919","カチタス","東証","20230309","日証金","確報","500","0","5000","0","200","0","5000","700"
"8920","東祥","名証","20230309","日証金","確報","0","0","0","0","0","0","0","0"
"8920","東祥","東証","20230309","日証金","確報","4700","1100","7900","0","3000","1300","6600","6600"
"8923","トーセイ","東証","20230309","日証金","確報","0","0","1600","0","1200","12200","-10600","1200"
"8925","アルデプロ","東証","20230309","日証金","確報","0","0","36700","0","0","0","36700","0"
"8927","明豊エンタープライズ","東証","20230309","日証金","確報","0","800","14200","0","0","0","14200","-800"
"8928","穴吹興産","東証","20230309","日証金","確報","100","0","3000","0","0","700","2300","100"
"8929","青山財産ＮＷ","東証","20230309","日証金","確報","0","0","4200","0","0","0","4200","0"
"8931","和田興産","東証","20230309","日証金","確報","0","0","62000","0","0","4500","57500","0"
"8934","サンフロンティア","東証","20230309","日証金","確報","0","600","48700","0","0","6800","41900","-600"
"8935","ＦＪネクストＨＤ","東証","20230309","日証金","確報","0","0","9000","100","0","200","8800","-100"
"8938","グロームＨＤ","東証","20230309","日証金","確報","200","0","205400","0","0","0","205400","200"
"8940","インテリックス","東証","20230309","日証金","確報","0","0","88400","200","900","25300","63100","700"
"8944","ランドビジネス","東証","20230309","日証金","確報","100","100","15100","0","0","0","15100","0"
"8945","サンネクスタグループ","東証","20230309","日証金","確報","0","0","600","0","0","0","600","0"
"8946","ＡＳＩＡＮ　ＳＴＡＲ","東証","20230309","日証金","確報","0","33300","143700","0","0","0","143700","-33300"
"8951","日本ビルファンド投資","東証","20230309","日証金","確報","1","124","126","0","0","12","114","-123"
"8952","ジャパンリアルエステ","東証","20230309","日証金","確報","10","0","38","4","4","223","-185","10"
"8953","都市ファンド","東証","20230309","日証金","確報","8","59","106","22","7","225","-119","-66"
"8954","オリックス不動産投資","東証","20230309","日証金","確報","17","1","91","0","13","130","-39","29"
"8955","日本プライムリアル","東証","20230309","日証金","確報","0","9","42","2","0","127","-85","-11"
"8956","ＮＴＴ都市開発Ｒ","東証","20230309","日証金","確報","6","6","213","0","0","322","-109","0"
"8957","東急リアルエステート","東証","20230309","日証金","確報","0","0","21","3","0","401","-380","-3"
"8958","グローバルワン不動産","東証","20230309","日証金","確報","0","3","741","18","0","270","471","-21"
"8960","ユナイテッドアーバン","東証","20230309","日証金","確報","0","0","202","1","5","121","81","4"
"8961","森トラスト","東証","20230309","日証金","確報","0","55","128","2","1","256","-128","-56"
"8963","インヴィンシブル投資","東証","20230309","日証金","確報","0","20","976","1","9","360","616","-12"
"8964","フロンティア不動産","東証","20230309","日証金","確報","2","3","33","4","2","51","-18","-3"
"8966","平和不動産リート投資","東証","20230309","日証金","確報","0","1","14","8","0","504","-490","-9"
"8967","日本ロジＦ投資","東証","20230309","日証金","確報","0","14","9","3","0","322","-313","-17"
"8968","福岡リート投資法人","東証","20230309","日証金","確報","104","13","116","0","0","39","77","91"
"8968","福岡リート投資法人","福証","20230309","日証金","確報","0","0","0","0","0","0","0","0"
"8972","ケネディクスオフィス","東証","20230309","日証金","確報","0","39","44","6","0","164","-120","-45"
"8975","いちごオフィスリート","東証","20230309","日証金","確報","62","10","930","74","10","942","-12","-12"
"8976","大和証券オフィス投資","東証","20230309","日証金","確報","8","0","81","27","0","161","-80","-19"
"8977","Ｒ－阪急阪神","東証","20230309","日証金","確報","10","1","67","0","0","372","-305","9"
"8979","スターツプロシード","東証","20230309","日証金","確報","0","0","0","0","0","0","0","0"
"8984","大和ハウスリート","東証","20230309","日証金","確報","0","4","63","0","0","0","63","-4"
"8985","ジャパンホテルリート","東証","20230309","日証金","確報","60","14","524","0","0","117","407","46"
"8986","大和証券リビング","東証","20230309","日証金","確報","0","0","403","26","0","88","315","-26"
"8987","ジャパンエクセレント","東証","20230309","日証金","確報","10","2","55","0","1","337","-282","9"
"8995","誠建設工業","東証","20230309","日証金","確報","0","0","200","0","0","0","200","0"
"8996","ハウスフリーダム","東証","20230309","日証金","確報","0","0","100","0","0","0","100","0"
"8996","ハウスフリーダム","福証","20230309","日証金","確報","0","0","0","0","0","0","0","0"
"8999","グランディハウス","東証","20230309","日証金","確報","500","10500","10900","0","700","100","10800","-9300"
"9001","東武鉄道","東証","20230309","日証金","確報","2400","7000","29900","100","4700","29900","0","0"
"9003","相鉄ホールディングス","東証","20230309","日証金","確報","0","1700","6200","400","0","700","5500","-2100"
"9005","東急","東証","20230309","日証金","確報","13000","20900","40500","13000","300","74100","-33600","-20600"
"9006","京浜急行電鉄","東証","20230309","日証金","確報","0","3500","66300","0","0","200","66100","-3500"
"9007","小田急電鉄","東証","20230309","日証金","確報","2000","800","57900","0","6800","40700","17200","8000"
"9008","京王電鉄","東証","20230309","日証金","確報","100","2700","20700","0","2600","20700","0","0"
"9009","京成電鉄","東証","20230309","日証金","確報","1200","400","8200","2700","100","10000","-1800","-1800"
"9010","富士急行","東証","20230309","日証金","確報","500","100","8500","0","100","12100","-3600","500"
"9012","秩父鉄道","東証","20230309","日証金","確報","0","0","0","0","0","0","0","0"
"9017","新潟交通","東証","20230309","日証金","確報","0","0","0","0","0","0","0","0"
"9020","東日本旅客鉄道","東証","20230309","日証金","確報","0","18800","85300","200","500","2900","82400","-18500"
"9021","西日本旅客鉄道","東証","20230309","日証金","確報","0","9000","84200","0","8100","3800","80400","-900"
"9022","東海旅客鉄道","名証","20230309","日証金","確報","0","0","0","0","0","0","0","0"
"9022","東海旅客鉄道","東証","20230309","日証金","確報","200","13600","100600","0","1200","500","100100","-12200"
"9024","西武ホールディングス","東証","20230309","日証金","確報","12500","4300","89800","0","0","0","89800","8200"
"9025","鴻池運輸","東証","20230309","日証金","確報","100","300","1700","0","0","1000","700","-200"
"9027","ロジネット　ジャパン","札証","20230309","日証金","確報","0","0","0","0","0","0","0","0"
"9028","ゼロ","東証","20230309","日証金","確報","0","0","200","0","0","0","200","0"
"9029","ヒガシ２１","東証","20230309","日証金","確報","0","0","3700","0","0","0","3700","0"
"9031","西日本鉄道","東証","20230309","日証金","確報","2100","500","8100","0","100","100","8000","1700"
"9031","西日本鉄道","福証","20230309","日証金","確報","0","0","0","0","0","0","0","0"
"9033","広島電鉄","東証","20230309","日証金","確報","100","0","300","0","100","0","300","200"
"9034","南総通運","東証","20230309","日証金","確報","0","100","0","0","0","0","0","-100"
"9035","第一交通産業","福証","20230309","日証金","確報","0","0","100","0","0","0","100","0"
"9036","東部ネットワーク","東証","20230309","日証金","確報","0","0","700","0","0","0","700","0"
"9037","ハマキョウレックス","東証","20230309","日証金","確報","200","0","600","0","0","100","500","200"
"9039","サカイ引越センター","東証","20230309","日証金","確報","0","200","100","0","0","900","-800","-200"
"9040","大宝運輸","名証","20230309","日証金","確報","0","0","100","0","0","0","100","0"
"9041","近鉄グループＨＤ","東証","20230309","日証金","確報","7700","1500","19100","0","0","400","18700","6200"
"9042","阪急阪神ＨＤ","東証","20230309","日証金","確報","100","500","15600","0","0","800","14800","-400"
"9044","南海電気鉄道","東証","20230309","日証金","確報","3000","1200","7500","8300","300","13900","-6400","-6200"
"9045","京阪ホールディングス","東証","20230309","日証金","確報","500","2100","26400","0","100","200","26200","-1500"
"9046","神戸電鉄","東証","20230309","日証金","確報","0","0","2600","800","0","1900","700","-800"
"9048","名古屋鉄道","名証","20230309","日証金","確報","0","0","100","0","0","0","100","0"
"9048","名古屋鉄道","東証","20230309","日証金","確報","1700","0","14900","0","400","1500","13400","2100"
"9049","京福電気鉄道","東証","20230309","日証金","確報","0","0","0","0","0","0","0","0"
"9051","センコン物流","東証","20230309","日証金","確報","0","0","200","0","0","0","200","0"
"9052","山陽電気鉄道","東証","20230309","日証金","確報","0","1400","600","600","1500","8900","-8300","-500"
"9055","アルプス物流","東証","20230309","日証金","確報","0","0","3200","0","700","700","2500","700"
"9057","遠州トラック","東証","20230309","日証金","確報","0","0","12300","0","0","0","12300","0"
"9058","トランコム","名証","20230309","日証金","確報","0","0","0","0","0","0","0","0"
"9058","トランコム","東証","20230309","日証金","確報","0","0","600","0","0","0","600","0"
"9059","カンダＨＤ","東証","20230309","日証金","確報","0","0","1000","0","0","1000","0","0"
"9060","日本ロジテム","東証","20230309","日証金","確報","0","0","100","0","0","0","100","0"
"9063","岡山県貨物運送","東証","20230309","日証金","確報","0","0","300","0","0","0","300","0"
"9064","ヤマトＨＤ","東証","20230309","日証金","確報","100","2900","8200","6900","2800","168300","-160100","-6900"
"9065","山九","東証","20230309","日証金","確報","0","1000","0","122200","0","157100","-157100","-123200"
"9065","山九","福証","20230309","日証金","確報","0","0","0","0","0","0","0","0"
"9066","日新","東証","20230309","日証金","確報","300","0","6400","300","0","800","5600","0"
"9067","丸運","東証","20230309","日証金","確報","10600","800","27400","0","0","0","27400","9800"
"9068","丸全昭和運輸","東証","20230309","日証金","確報","0","300","600","200","0","200","400","-500"
"9069","センコーグループＨＤ","東証","20230309","日証金","確報","400","1000","5000","300","100","1700","3300","-800"
"9070","トナミＨＤ","東証","20230309","日証金","確報","0","0","1300","100","0","1300","0","-100"
"9072","ニッコンＨＤ","東証","20230309","日証金","確報","0","300","2500","0","500","800","1700","200"
"9073","京極運輸商事","東証","20230309","日証金","確報","0","0","0","0","0","0","0","0"
"9074","日本石油輸送","東証","20230309","日証金","確報","100","0","3700","0","0","400","3300","100"
"9075","福山通運","東証","20230309","日証金","確報","0","1000","4600","2700","300","8000","-3400","-3400"
"9076","セイノーＨＤ","名証","20230309","日証金","確報","0","0","0","0","0","0","0","0"
"9076","セイノーＨＤ","東証","20230309","日証金","確報","3000","2100","26500","1600","700","26500","0","0"
"9078","エスライン","名証","20230309","日証金","確報","0","0","0","0","0","0","0","0"
"9078","エスライン","東証","20230309","日証金","確報","0","0","43800","200","100","1000","42800","-100"
"9081","神奈川中央交通","東証","20230309","日証金","確報","0","0","100","0","0","0","100","0"
"9082","大和自動車交通","東証","20230309","日証金","確報","0","0","600","0","0","0","600","0"
"9083","神姫バス","東証","20230309","日証金","確報","100","100","100","0","0","0","100","0"
"9085","北海道中央バス","札証","20230309","日証金","確報","0","0","0","0","0","0","0","0"
"9087","タカセ","東証","20230309","日証金","確報","0","0","200","0","0","0","200","0"
"9090","ＡＺ－ＣＯＭ丸和ＨＤ","東証","20230309","日証金","確報","0","2200","9500","11800","1400","22100","-12600","-12600"
"9099","Ｃ＆ＦロジＨＤ","東証","20230309","日証金","確報","0","0","800","0","0","200","600","0"
"9101","日本郵船","東証","20230309","日証金","確報","20600","55800","693900","466900","22500","3589600","-2895700","-479600"
"9104","商船三井","東証","20230309","日証金","確報","19300","92200","492400","548700","58700","2065000","-1572600","-562900"
"9107","川崎汽船","東証","20230309","日証金","確報","7600","66100","281100","721500","46900","3837500","-3556400","-733100"
"9110","ＮＳユナイテッド海運","東証","20230309","日証金","確報","500","2300","31300","18600","1000","174500","-143200","-19400"
"9115","明治海運","東証","20230309","日証金","確報","1100","200","73400","0","0","0","73400","900"
"9119","飯野海運","東証","20230309","日証金","確報","0","8800","56700","25300","4600","336400","-279700","-29500"
"9119","飯野海運","福証","20230309","日証金","確報","0","0","0","0","0","0","0","0"
"9127","玉井商船","東証","20230309","日証金","確報","0","100","4600","0","0","0","4600","-100"
"9130","共栄タンカー","東証","20230309","日証金","確報","22500","4900","42800","100","0","38400","4400","17500"
"9142","九州旅客鉄道","東証","20230309","日証金","確報","1200","2400","66800","400","0","2600","64200","-1600"
"9142","九州旅客鉄道","福証","20230309","日証金","確報","0","0","0","0","0","0","0","0"
"9143","ＳＧホールディングス","東証","20230309","日証金","確報","0","34500","17200","7700","700","29100","-11900","-41500"
"9145","ビーイングＨＤ","東証","20230309","日証金","確報","0","0","700","0","0","200","500","0"
"9147","ＮＸＨＤ","東証","20230309","日証金","確報","300","700","2500","700","0","2500","0","-1100"
"9171","栗林商船","東証","20230309","日証金","確報","1500","200","4100","0","0","0","4100","1300"
"9173","東海汽船","東証","20230309","日証金","確報","0","0","300","0","0","0","300","0"
"9193","東京汽船","東証","20230309","日証金","確報","100","0","1900","0","0","0","1900","100"
"9201","ＪＡＬ","東証","20230309","日証金","確報","9000","67200","804500","3000","7900","3400","801100","-53300"
"9202","ＡＮＡＨＤ","東証","20230309","日証金","確報","3800","21000","211500","100","3700","700","210800","-13600"
"9204","スカイマーク","東証","20230309","日証金","確報","0","2800","80100","0","0","0","80100","-2800"
"9206","スターフライヤー","東証","20230309","日証金","確報","100","0","1800","0","0","0","1800","100"
"9211","エフ・コード","東証","20230309","日証金","確報","0","500","7300","0","0","0","7300","-500"
"9212","ＧＥＩ","東証","20230309","日証金","確報","2300","1600","65100","0","0","0","65100","700"
"9213","セイファート","東証","20230309","日証金","確報","0","0","1800","0","0","0","1800","0"
"9214","リカバリー","東証","20230309","日証金","確報","0","600","3300","0","0","0","3300","-600"
"9215","ＣａＳｙ","東証","20230309","日証金","確報","0","100","2300","0","0","0","2300","-100"
"9216","ビーウィズ","東証","20230309","日証金","確報","0","0","1800","0","0","0","1800","0"
"9218","メンタルヘルスＴ","東証","20230309","日証金","確報","500","600","34300","0","0","0","34300","-100"
"9219","ギックス","東証","20230309","日証金","確報","2400","1700","31300","3300","2600","31300","0","0"
"9220","エフビー介護サービス","東証","20230309","日証金","確報","0","0","1700","0","0","0","1700","0"
"9221","フルハシＥＰＯ","名証","20230309","日証金","確報","0","0","0","0","0","0","0","0"
"9221","フルハシＥＰＯ","東証","20230309","日証金","確報","200","300","4600","0","0","0","4600","-100"
"9223","ＡＳＮＯＶＡ","名証","20230309","日証金","確報","0","0","2100","0","0","0","2100","0"
"9227","マイクロ波化学","東証","20230309","日証金","確報","16700","100","157900","0","0","0","157900","16600"
"9229","サンウェルズ","東証","20230309","日証金","確報","2000","1400","19400","0","0","2300","17100","600"
"9232","パスコ","東証","20230309","日証金","確報","0","0","16900","0","0","300","16600","0"
"9233","アジア航測","東証","20230309","日証金","確報","100","600","4700","0","0","0","4700","-500"
"9240","デリバリコンサル","東証","20230309","日証金","確報","0","0","9200","0","0","0","9200","0"
"9241","ＦＬＮ","東証","20230309","日証金","確報","0","0","400","0","0","0","400","0"
"9242","メディア総研","東証","20230309","日証金","確報","0","200","700","0","0","0","700","-200"
"9242","メディア総研","福証","20230309","日証金","確報","0","0","0","0","0","0","0","0"
"9244","デジタリフト","東証","20230309","日証金","確報","0","0","3500","0","0","0","3500","0"
"9245","リベロ","東証","20230309","日証金","確報","300","0","3400","0","0","0","3400","300"
"9246","プロジェクトＣ","東証","20230309","日証金","確報","0","1400","5100","0","0","0","5100","-1400"
"9247","ＴＲＥＨＤ","東証","20230309","日証金","確報","1000","100","27300","0","0","0","27300","900"
"9248","人・夢・技術グループ","東証","20230309","日証金","確報","200","0","9700","0","0","0","9700","200"
"9249","日本エコシステム","名証","20230309","日証金","確報","0","0","0","0","0","0","0","0"
"9249","日本エコシステム","東証","20230309","日証金","確報","500","0","1300","0","0","0","1300","500"
"9250","ＧＲＣＳ","東証","20230309","日証金","確報","0","0","3600","0","0","0","3600","0"
"9251","ＡＢ＆Ｃｏｍｐａｎｙ","東証","20230309","日証金","確報","0","100","4300","0","0","0","4300","-100"
"9252","ラストワンマイル","東証","20230309","日証金","確報","200","0","4100","0","0","0","4100","200"
"9253","スローガン","東証","20230309","日証金","確報","0","0","1700","0","0","0","1700","0"
"9254","ラバブルマーケ","東証","20230309","日証金","確報","3900","200","11800","0","0","0","11800","3700"
"9256","サクシード","東証","20230309","日証金","確報","0","0","600","0","0","0","600","0"
"9257","ＹＣＰ","東証","20230309","日証金","確報","0","0","0","0","0","0","0","0"
"9258","ＣＳ－Ｃ","東証","20230309","日証金","確報","100","800","4700","0","0","0","4700","-700"
"9259","タカヨシ","東証","20230309","日証金","確報","0","0","900","0","0","0","900","0"
"9260","Ｗｉｓｍｅｔｔａｃ","東証","20230309","日証金","確報","0","600","3400","0","100","0","3400","-500"
"9262","シルバーライフ","東証","20230309","日証金","確報","1000","2400","7900","200","1600","7900","0","0"
"9263","ビジョナリーＨＤ","東証","20230309","日証金","確報","4800","1400","32700","0","0","0","32700","3400"
"9264","ポエック","東証","20230309","日証金","確報","0","0","13100","0","0","0","13100","0"
"9265","ヤマシタヘルスケア","東証","20230309","日証金","確報","0","0","1300","0","0","0","1300","0"
"9267","ゲンキードラッグ","東証","20230309","日証金","確報","0","500","900","300","1000","11700","-10800","200"
"9268","オプティマス","東証","20230309","日証金","確報","200","700","6700","0","100","0","6700","-400"
"9270","バリュエンスＨＤ","東証","20230309","日証金","確報","800","1900","22600","100","0","600","22000","-1200"
"9272","ブティックス","東証","20230309","日証金","確報","100","0","5300","0","0","0","5300","100"
"9273","コーア商事ＨＤ","東証","20230309","日証金","確報","200","2000","7200","400","0","5200","2000","-2200"
"9274","ＫＰＰグループＨＤ","東証","20230309","日証金","確報","7100","8200","200300","0","0","2000","198300","-1100"
"9275","ナルミヤ","東証","20230309","日証金","確報","200","0","400","0","0","0","400","200"
"9278","ブックオフＧＨＤ","東証","20230309","日証金","確報","0","2100","11800","100","400","2800","9000","-1800"
"9279","ギフトＨＤ","東証","20230309","日証金","確報","0","0","300","16500","3000","52700","-52400","-13500"
"9282","いちごグリーン","東証","20230309","日証金","確報","0","0","1","0","0","0","1","0"
"9284","カナディアンソラ","東証","20230309","日証金","確報","1","0","73","0","0","0","73","1"
"9285","東京インフラＦ","東証","20230309","日証金","確報","10","0","52","0","0","0","52","10"
"9286","エネクスインフラ","東証","20230309","日証金","確報","0","0","937","0","0","0","937","0"
"9287","ＪＩＦ","東証","20230309","日証金","確報","1","0","7340","0","0","0","7340","1"
"9301","三菱倉庫","東証","20230309","日証金","確報","0","300","9400","0","0","0","9400","-300"
"9302","三井倉庫ＨＤ","東証","20230309","日証金","確報","1600","2000","13000","0","400","13000","0","0"
"9303","住友倉庫","東証","20230309","日証金","確報","3000","800","12200","500","0","3000","9200","1700"
"9304","澁澤倉庫","東証","20230309","日証金","確報","0","0","8700","100","0","400","8300","-100"
"9305","ヤマタネ","東証","20230309","日証金","確報","0","800","2600","100","0","1400","1200","-900"
"9306","東陽倉庫","名証","20230309","日証金","確報","0","0","0","0","0","0","0","0"
"9306","東陽倉庫","東証","20230309","日証金","確報","0","0","5700","0","100","400","5300","100"
"9307","杉村倉庫","東証","20230309","日証金","確報","100","200","7400","0","0","0","7400","-100"
"9308","乾汽船","東証","20230309","日証金","確報","19300","6100","77800","8400","500","95200","-17400","5300"
"9310","日本トランスシティ","名証","20230309","日証金","確報","0","0","0","0","0","0","0","0"
"9310","日本トランスシティ","東証","20230309","日証金","確報","900","0","5100","0","100","500","4600","1000"
"9311","アサガミ","東証","20230309","日証金","確報","0","0","0","0","0","0","0","0"
"9312","ケイヒン","東証","20230309","日証金","確報","0","0","1900","0","100","0","1900","100"
"9313","丸八倉庫","東証","20230309","日証金","確報","0","0","0","0","0","0","0","0"
"9318","アジア開発キャピタル","東証","20230309","日証金","確報","25000","22000","5278100","0","0","0","5278100","3000"
"9319","中央倉庫","東証","20230309","日証金","確報","0","100","33000","0","0","100","32900","-100"
"9322","川西倉庫","東証","20230309","日証金","確報","300","100","3400","0","0","0","3400","200"
"9324","安田倉庫","東証","20230309","日証金","確報","200","0","9000","0","100","1800","7200","300"
"9325","ファイズＨＤ","東証","20230309","日証金","確報","200","100","8600","0","0","0","8600","100"
"9326","関通","東証","20230309","日証金","確報","100","100","13700","0","0","0","13700","0"
"9327","イー・ロジット","東証","20230309","日証金","確報","0","0","6700","0","0","0","6700","0"
"9336","大栄環境","東証","20230309","日証金","確報","400","1400","31800","0","0","0","31800","-1000"
"9337","トリドリ","東証","20230309","日証金","確報","0","0","3700","0","0","0","3700","0"
"9338","ＩＮＦＯＲＩＣＨ","東証","20230309","日証金","確報","1300","1000","1800","0","0","0","1800","300"
"9339","コーチ・エィ","東証","20230309","日証金","確報","0","0","2500","0","0","0","2500","0"
"9340","アソインター","東証","20230309","日証金","確報","0","100","15700","0","0","0","15700","-100"
"9341","ＧＥＮＯＶＡ","東証","20230309","日証金","確報","5500","0","132000","0","0","0","132000","5500"
"9342","スマサポ","東証","20230309","日証金","確報","300","3300","18100","0","0","0","18100","-3000"
"9351","東洋埠頭","東証","20230309","日証金","確報","500","0","2500","0","0","500","2000","500"
"9353","櫻島埠頭","東証","20230309","日証金","確報","0","0","200","0","0","0","200","0"
"9355","リンコーコーポ","東証","20230309","日証金","確報","0","0","800","0","0","0","800","0"
"9357","名港海運","名証","20230309","日証金","確報","0","0","200","0","0","0","200","0"
"9359","伊勢湾海運","名証","20230309","日証金","確報","0","0","7100","0","0","0","7100","0"
"9360","鈴与シンワート","東証","20230309","日証金","確報","0","300","4700","0","0","0","4700","-300"
"9361","伏木海陸運送","東証","20230309","日証金","確報","0","0","2300","0","0","0","2300","0"
"9362","兵機海運","東証","20230309","日証金","確報","100","0","600","0","0","0","600","100"
"9363","大運","東証","20230309","日証金","確報","0","0","7400","0","0","0","7400","0"
"9364","上組","東証","20230309","日証金","確報","800","200","1000","0","0","400","600","600"
"9365","トレーディア","東証","20230309","日証金","確報","0","0","200","0","0","0","200","0"
"9366","サンリツ","東証","20230309","日証金","確報","300","3400","1800","0","0","0","1800","-3100"
"9367","大東港運","東証","20230309","日証金","確報","0","0","0","0","0","0","0","0"
"9368","キムラユニティー","名証","20230309","日証金","確報","0","0","0","0","0","0","0","0"
"9368","キムラユニティー","東証","20230309","日証金","確報","800","1500","1400","800","1200","30400","-29000","-300"
"9369","キユーソー流通Ｓ","東証","20230309","日証金","確報","0","0","9600","0","0","400","9200","0"
"9376","ユーラシア旅行社","東証","20230309","日証金","確報","0","0","1000","0","0","0","1000","0"
"9377","エージーピー","東証","20230309","日証金","確報","500","0","4700","0","0","0","4700","500"
"9380","東海運","東証","20230309","日証金","確報","800","600","2000","0","600","1200","800","800"
"9381","エーアイテイー","東証","20230309","日証金","確報","300","600","6400","0","0","0","6400","-300"
"9384","内外トランスライン","東証","20230309","日証金","確報","400","0","5300","100","200","12000","-6700","500"
"9385","ショーエイコーポ","東証","20230309","日証金","確報","0","4700","19600","200","0","34600","-15000","-4900"
"9386","日本コンセプト","東証","20230309","日証金","確報","0","100","4700","0","0","0","4700","-100"
"9401","ＴＢＳＨＤ","東証","20230309","日証金","確報","51100","8300","64500","45600","2700","64500","0","-100"
"9402","中部日本放送","名証","20230309","日証金","確報","0","1000","11800","0","0","0","11800","-1000"
"9404","日本テレビＨＤ","東証","20230309","日証金","確報","100","1700","36700","300","0","2300","34400","-1900"
"9405","朝日放送グループＨＤ","東証","20230309","日証金","確報","4700","0","12000","4800","100","14700","-2700","0"
"9407","ＲＫＢ毎日ＨＤ","福証","20230309","日証金","確報","0","0","300","0","0","0","300","0"
"9408","新潟放送","東証","20230309","日証金","確報","0","0","0","0","0","0","0","0"
"9409","テレビ朝日ＨＤ","東証","20230309","日証金","確報","700","15900","14600","0","15200","14600","0","0"
"9412","スカパーＪＳＡＴＨＤ","東証","20230309","日証金","確報","85600","1000","103800","200","700","5600","98200","85100"
"9413","テレ東ＨＤ","東証","20230309","日証金","確報","4800","3000","15900","900","3400","15900","0","4300"
"9414","日本ＢＳ放送","東証","20230309","日証金","確報","400","0","6700","0","0","300","6400","400"
"9416","ビジョン","東証","20230309","日証金","確報","1300","6000","28200","400","300","120300","-92100","-4800"
"9417","スマートバリュー","東証","20230309","日証金","確報","700","0","17900","100","100","200","17700","700"
"9418","ＵＳＥＮ　ＮＥＸＴ","東証","20230309","日証金","確報","0","2000","13100","400","200","5100","8000","-2200"
"9419","ワイヤレスゲート","東証","20230309","日証金","確報","4600","4600","50000","0","0","50000","0","0"
"9421","エヌジェイＨＤ","東証","20230309","日証金","確報","1900","100","3900","0","0","0","3900","1800"
"9422","コネクシオ","東証","20230309","日証金","確報","0","0","200","0","0","1900","-1700","0"
"9423","フォーバルＲＳ","東証","20230309","日証金","確報","3800","5000","23500","900","300","23500","0","-1800"
"9424","日本通信","東証","20230309","日証金","確報","144300","62600","593600","47000","27600","858300","-264700","62300"
"9425","日本テレホン","東証","20230309","日証金","確報","0","0","4700","0","0","0","4700","0"
"9428","クロップス","名証","20230309","日証金","確報","0","0","0","0","0","0","0","0"
"9428","クロップス","東証","20230309","日証金","確報","100","500","11500","0","0","25400","-13900","-400"
"9432","日本電信電話","東証","20230309","日証金","確報","700","6500","22100","300","100","3700","18400","-6000"
"9433","ＫＤＤＩ","東証","20230309","日証金","確報","7500","1500","79100","1100","200","21600","57500","5100"
"9434","ソフトバンク","東証","20230309","日証金","確報","16400","600","44000","26300","10500","44000","0","0"
"9435","光通信","東証","20230309","日証金","確報","2400","0","9900","0","0","0","9900","2400"
"9436","沖縄セルラー電話","東証","20230309","日証金","確報","0","300","1300","0","400","1000","300","100"
"9438","エムティーアイ","東証","20230309","日証金","確報","900","0","4500","1300","0","4800","-300","-400"
"9439","ＭＨグループ","東証","20230309","日証金","確報","0","100","23300","0","0","0","23300","-100"
"9441","ベルパーク","東証","20230309","日証金","確報","100","100","300","0","0","300","0","0"
"9444","トーシンＨＤ","東証","20230309","日証金","確報","0","0","1000","0","0","0","1000","0"
"9445","フォーバルテレコム","東証","20230309","日証金","確報","0","0","0","0","0","0","0","0"
"9446","サカイＨＤ","東証","20230309","日証金","確報","0","0","0","0","0","0","0","0"
"9449","ＧＭＯ","東証","20230309","日証金","確報","0","900","2200","44200","0","53400","-51200","-45100"
"9450","ファイバーゲート","札証","20230309","日証金","確報","0","0","0","0","0","0","0","0"
"9450","ファイバーゲート","東証","20230309","日証金","確報","1600","1400","50500","200","0","50500","0","0"
"9466","アイドマＭＣ","東証","20230309","日証金","確報","0","0","11700","0","0","0","11700","0"
"9467","アルファポリス","東証","20230309","日証金","確報","0","1200","3300","100","0","1600","1700","-1300"
"9468","ＫＡＤＯＫＡＷＡ","東証","20230309","日証金","確報","100","900","32200","4200","100","14900","17300","-4900"
"9470","学研ホールディングス","東証","20230309","日証金","確報","0","1900","5700","0","0","1000","4700","-1900"
"9471","文溪堂","名証","20230309","日証金","確報","0","0","3400","0","0","0","3400","0"
"9474","ゼンリン","東証","20230309","日証金","確報","0","400","4600","0","0","300","4300","-400"
"9474","ゼンリン","福証","20230309","日証金","確報","0","0","0","0","0","0","0","0"
"9475","昭文社ＨＤ","東証","20230309","日証金","確報","4400","8300","7200","600","0","7400","-200","-4500"
"9476","中央経済社ＨＤ","東証","20230309","日証金","確報","0","0","0","0","0","0","0","0"
"9478","ＳＥＨＤ＆Ｉ","東証","20230309","日証金","確報","0","2100","24500","0","0","0","24500","-2100"
"9479","インプレスＨＤ","東証","20230309","日証金","確報","1700","0","8100","0","0","100","8000","1700"
"9501","東京電力ＨＤ","東証","20230309","日証金","確報","15000","389000","3546800","3000","200000","18000","3528800","-177000"
"9502","中部電力","名証","20230309","日証金","確報","0","0","0","0","0","0","0","0"
"9502","中部電力","東証","20230309","日証金","確報","0","5000","23300","3900","0","32200","-8900","-8900"
"9503","関西電力","東証","20230309","日証金","確報","22200","8500","132100","13700","0","132100","0","0"
"9504","中国電力","東証","20230309","日証金","確報","3000","7600","103900","0","600","0","103900","-4000"
"9505","北陸電力","東証","20230309","日証金","確報","23100","3700","55000","29900","6700","55000","0","-3800"
"9506","東北電力","東証","20230309","日証金","確報","0","3800","90600","72600","0","72600","18000","-76400"
"9507","四国電力","東証","20230309","日証金","確報","1500","13200","10900","900","0","1000","9900","-12600"
"9508","九州電力","東証","20230309","日証金","確報","0","11300","89800","25200","0","25200","64600","-36500"
"9508","九州電力","福証","20230309","日証金","確報","0","0","0","0","0","0","0","0"
"9509","北海道電力","札証","20230309","日証金","確報","0","0","0","0","0","0","0","0"
"9509","北海道電力","東証","20230309","日証金","確報","4100","11200","61300","10100","300","61300","0","-16900"
"9511","沖縄電力","東証","20230309","日証金","確報","200","1100","9900","0","0","0","9900","-900"
"9511","沖縄電力","福証","20230309","日証金","確報","0","0","0","0","0","0","0","0"
"9513","電源開発","東証","20230309","日証金","確報","17900","2600","234100","0","0","0","234100","15300"
"9514","エフオン","東証","20230309","日証金","確報","600","800","27200","0","0","0","27200","-200"
"9517","イーレックス","東証","20230309","日証金","確報","7600","800","98500","600","0","13400","85100","6200"
"9519","レノバ","東証","20230309","日証金","確報","9000","5900","193400","400","200","16900","176500","2900"
"9522","リニューアブルＪ","東証","20230309","日証金","確報","4000","0","49800","0","0","0","49800","4000"
"9531","東京瓦斯","名証","20230309","日証金","確報","0","0","0","0","0","0","0","0"
"9531","東京瓦斯","東証","20230309","日証金","確報","32000","1300","118800","0","0","0","118800","30700"
"9532","大阪瓦斯","東証","20230309","日証金","確報","10000","24300","17700","35400","100","54900","-37200","-49600"
"9533","東邦瓦斯","名証","20230309","日証金","確報","0","0","0","0","0","0","0","0"
"9533","東邦瓦斯","東証","20230309","日証金","確報","200","3600","34000","0","100","0","34000","-3300"
"9534","北海道瓦斯","札証","20230309","日証金","確報","0","0","0","0","0","0","0","0"
"9534","北海道瓦斯","東証","20230309","日証金","確報","400","100","1800","0","100","1400","400","400"
"9535","広島ガス","東証","20230309","日証金","確報","0","0","800","3800","200","20500","-19700","-3600"
"9536","西部ガスＨＤ","東証","20230309","日証金","確報","200","0","2000","100","400","1100","900","500"
"9536","西部ガスＨＤ","福証","20230309","日証金","確報","0","0","0","0","0","0","0","0"
"9537","北陸瓦斯","東証","20230309","日証金","確報","0","0","0","0","0","0","0","0"
"9539","京葉瓦斯","東証","20230309","日証金","確報","0","400","1300","0","0","0","1300","-400"
"9543","静岡ガス","東証","20230309","日証金","確報","900","2100","1600","400","0","3200","-1600","-1600"
"9551","メタウォーター","東証","20230309","日証金","確報","200","500","7800","200","0","900","6900","-500"
"9552","Ｍ＆Ａ総合研究所","東証","20230309","日証金","確報","3000","900","44700","0","0","0","44700","2100"
"9553","マイクロアド","東証","20230309","日証金","確報","26400","18000","323500","0","0","323500","0","8400"
"9554","ＡＶｉＣ","東証","20230309","日証金","確報","700","100","7400","0","0","0","7400","600"
"9556","ＩＮＴＬＯＯＰ","東証","20230309","日証金","確報","0","500","3700","0","0","0","3700","-500"
"9557","エアークローゼット","東証","20230309","日証金","確報","0","0","5800","0","0","0","5800","0"
"9558","ジャパニアス","東証","20230309","日証金","確報","400","900","11500","0","0","0","11500","-500"
"9560","プログリット","東証","20230309","日証金","確報","3100","0","12700","0","0","0","12700","3100"
"9561","グラッドキューブ","東証","20230309","日証金","確報","1400","1400","48100","0","0","0","48100","0"
"9562","ビジネスコーチ","東証","20230309","日証金","確報","0","0","7600","0","0","0","7600","0"
"9563","Ａｔｌａｓ","東証","20230309","日証金","確報","1500","400","47800","0","0","0","47800","1100"
"9564","ＦＣＥ","東証","20230309","日証金","確報","0","0","2500","0","0","0","2500","0"
"9565","ウェルプレイドＲ","東証","20230309","日証金","確報","3700","1300","26300","0","0","0","26300","2400"
"9600","アイネット","東証","20230309","日証金","確報","600","600","1600","0","0","1600","0","0"
"9601","松竹","札証","20230309","日証金","確報","0","0","0","0","0","0","0","0"
"9601","松竹","東証","20230309","日証金","確報","0","1800","1000","100","0","2900","-1900","-1900"
"9601","松竹","福証","20230309","日証金","確報","0","0","0","0","0","0","0","0"
"9602","東宝","東証","20230309","日証金","確報","1500","2600","14000","0","0","1100","12900","-1100"
"9602","東宝","福証","20230309","日証金","確報","0","0","0","0","0","0","0","0"
"9603","エイチ・アイ・エス","東証","20230309","日証金","確報","44200","9100","115200","900","3600","24100","91100","37800"
"9605","東映","東証","20230309","日証金","確報","0","0","1100","100","0","500","600","-100"
"9610","ウィルソン・ラーニン","東証","20230309","日証金","確報","0","800","78200","0","0","0","78200","-800"
"9612","ラックランド","東証","20230309","日証金","確報","0","0","200","0","0","0","200","0"
"9613","ＮＴＴデータ","東証","20230309","日証金","確報","22300","2200","183000","0","600","300","182700","20700"
"9616","共立メンテナンス","東証","20230309","日証金","確報","12400","500","102600","0","0","300","102300","11900"
"9619","イチネンＨＤ","東証","20230309","日証金","確報","0","600","800","0","300","500","300","-300"
"9621","建設技術研究所","東証","20230309","日証金","確報","0","0","2900","100","100","200","2700","0"
"9622","スペース","東証","20230309","日証金","確報","100","500","4700","0","0","0","4700","-400"
"9625","セレスポ","東証","20230309","日証金","確報","500","0","8800","0","0","0","8800","500"
"9627","アインＨＤ","札証","20230309","日証金","確報","0","0","0","0","0","0","0","0"
"9627","アインＨＤ","東証","20230309","日証金","確報","100","0","8700","0","0","100","8600","100"
"9628","燦ホールディングス","東証","20230309","日証金","確報","0","0","800","0","0","300","500","0"
"9629","ピー・シー・エー","東証","20230309","日証金","確報","0","0","100","0","0","0","100","0"
"9632","スバル興業","東証","20230309","日証金","確報","0","0","1100","0","0","0","1100","0"
"9633","東京テアトル","東証","20230309","日証金","確報","0","0","3100","0","0","100","3000","0"
"9635","武蔵野興業","東証","20230309","日証金","確報","0","0","800","0","0","0","800","0"
"9636","きんえい","東証","20230309","日証金","確報","0","0","100","0","0","0","100","0"
"9637","オーエス","東証","20230309","日証金","確報","0","0","400","0","0","0","400","0"
"9639","三協フロンテア","東証","20230309","日証金","確報","0","200","300","0","0","0","300","-200"
"9640","セゾン情報システムズ","東証","20230309","日証金","確報","0","0","1300","0","0","0","1300","0"
"9643","中日本興業","名証","20230309","日証金","確報","0","0","0","0","0","0","0","0"
"9644","タナベコンサルＧ","東証","20230309","日証金","確報","0","100","6400","0","0","0","6400","-100"
"9647","協和コンサルタンツ","東証","20230309","日証金","確報","0","0","600","0","0","0","600","0"
"9651","日本プロセス","東証","20230309","日証金","確報","0","0","200","0","0","100","100","0"
"9656","グリーンランドリゾー","東証","20230309","日証金","確報","0","0","7500","0","0","2100","5400","0"
"9656","グリーンランドリゾー","福証","20230309","日証金","確報","0","0","0","0","0","0","0","0"
"9658","ビジネス太田昭和","東証","20230309","日証金","確報","0","0","400","0","0","0","400","0"
"9661","歌舞伎座","東証","20230309","日証金","確報","0","0","0","0","0","0","0","0"
"9663","ナガワ","東証","20230309","日証金","確報","500","100","1000","2300","0","19700","-18700","-1900"
"9664","御園座","名証","20230309","日証金","確報","700","0","5700","0","0","0","5700","700"
"9672","東京都競馬","東証","20230309","日証金","確報","900","1400","11000","100","100","100","10900","-500"
"9675","常磐興産","東証","20230309","日証金","確報","0","100","3100","700","0","1900","1200","-800"
"9678","カナモト","札証","20230309","日証金","確報","0","0","0","0","0","0","0","0"
"9678","カナモト","東証","20230309","日証金","確報","400","0","2100","100","100","1300","800","400"
"9679","ホウライ","東証","20230309","日証金","確報","0","0","1300","0","0","0","1300","0"
"9682","ＤＴＳ","東証","20230309","日証金","確報","0","1200","1700","0","0","0","1700","-1200"
"9684","スクエニＨＤ","東証","20230309","日証金","確報","600","5700","10500","400","0","16500","-6000","-5500"
"9685","ＫＹＣＯＭＨＤ","東証","20230309","日証金","確報","0","0","1900","0","0","0","1900","0"
"9686","東洋テック","東証","20230309","日証金","確報","200","100","3500","0","0","0","3500","100"
"9687","ＫＳＫ","東証","20230309","日証金","確報","0","0","100","0","0","0","100","0"
"9691","両毛システムズ","東証","20230309","日証金","確報","0","0","1300","0","0","0","1300","0"
"9692","シーイーシー","東証","20230309","日証金","確報","2100","800","3500","0","0","2200","1300","1300"
"9696","ウィザス","東証","20230309","日証金","確報","100","0","9600","0","0","0","9600","100"
"9697","カプコン","東証","20230309","日証金","確報","2200","0","8900","12600","0","107200","-98300","-10400"
"9698","クレオ","東証","20230309","日証金","確報","0","0","6900","0","0","0","6900","0"
"9699","西尾レントオール","東証","20230309","日証金","確報","0","100","1700","0","100","1700","0","0"
"9701","東京會舘","東証","20230309","日証金","確報","0","200","0","0","0","0","0","-200"
"9702","アイ・エス・ビー","東証","20230309","日証金","確報","200","0","7000","0","0","0","7000","200"
"9704","アゴーラＨＧ","東証","20230309","日証金","確報","63600","0","591800","0","0","0","591800","63600"
"9706","日本空港ビルデング","東証","20230309","日証金","確報","2200","400","5900","3700","2800","38800","-32900","900"
"9708","帝国ホテル","東証","20230309","日証金","確報","100","0","1400","0","0","300","1100","100"
"9709","ＮＣＳ＆Ａ","東証","20230309","日証金","確報","200","500","18900","0","0","0","18900","-300"
"9713","ロイヤルホテル","東証","20230309","日証金","確報","100","300","8300","0","0","1100","7200","-200"
"9715","トランス・コスモス","東証","20230309","日証金","確報","1000","400","2300","0","0","0","2300","600"
"9716","乃村工藝社","東証","20230309","日証金","確報","0","900","18900","600","0","2800","16100","-1500"
"9717","ジャステック","東証","20230309","日証金","確報","500","0","1700","600","100","1700","0","0"
"9719","ＳＣＳＫ","東証","20230309","日証金","確報","300","200","49000","0","300","1500","47500","400"
"9720","ホテルニューグランド","東証","20230309","日証金","確報","0","0","100","0","0","0","100","0"
"9722","藤田観光","東証","20230309","日証金","確報","0","0","10400","8400","1000","50700","-40300","-7400"
"9723","京都ホテル","東証","20230309","日証金","確報","4200","200","7700","0","0","0","7700","4000"
"9726","ＫＮＴ－ＣＴＨＤ","東証","20230309","日証金","確報","0","1100","18200","0","0","0","18200","-1100"
"9728","日本管財","東証","20230309","日証金","確報","100","0","2100","100","0","2100","0","0"
"9729","トーカイ","東証","20230309","日証金","確報","400","100","800","200","0","700","100","100"
"9731","白洋舎","東証","20230309","日証金","確報","100","0","1000","0","0","0","1000","100"
"9733","ナガセ","東証","20230309","日証金","確報","0","0","1600","0","0","0","1600","0"
"9734","精養軒","東証","20230309","日証金","確報","0","0","0","0","0","0","0","0"
"9735","セコム","東証","20230309","日証金","確報","600","1900","7900","0","0","0","7900","-1300"
"9739","ＮＳＷ","東証","20230309","日証金","確報","0","0","600","0","0","0","600","0"
"9740","セントラル警備保障","東証","20230309","日証金","確報","600","0","2200","200","400","4200","-2000","800"
"9742","アイネス","東証","20230309","日証金","確報","1800","0","5400","0","0","0","5400","1800"
"9743","丹青社","東証","20230309","日証金","確報","0","400","7900","0","0","4600","3300","-400"
"9744","メイテック","東証","20230309","日証金","確報","0","500","5900","0","0","500","5400","-500"
"9746","ＴＫＣ","東証","20230309","日証金","確報","0","0","1200","5100","0","11100","-9900","-5100"
"9749","富士ソフト","東証","20230309","日証金","確報","400","400","1000","100","0","2700","-1700","-100"
"9753","アイエックスナレッジ","東証","20230309","日証金","確報","0","400","12600","0","0","0","12600","-400"
"9755","応用地質","東証","20230309","日証金","確報","0","0","400","200","0","200","200","-200"
"9757","船井総研ＨＤ","東証","20230309","日証金","確報","0","200","3300","0","200","3300","0","0"
"9759","ＮＳＤ","東証","20230309","日証金","確報","0","200","2300","100","0","100","2200","-300"
"9760","進学会ＨＤ","東証","20230309","日証金","確報","11600","900","18600","0","200","55200","-36600","10900"
"9761","東海リース","東証","20230309","日証金","確報","300","0","1500","0","0","0","1500","300"
"9763","丸紅建材リース","東証","20230309","日証金","確報","0","0","800","0","0","400","400","0"
"9765","オオバ","東証","20230309","日証金","確報","0","100","6100","0","100","6100","0","0"
"9766","コナミグループ","東証","20230309","日証金","確報","0","500","1900","9800","0","10600","-8700","-10300"
"9767","日建工学","東証","20230309","日証金","確報","0","100","800","0","0","0","800","-100"
"9768","いであ","東証","20230309","日証金","確報","400","0","3400","0","0","0","3400","400"
"9769","学究社","東証","20230309","日証金","確報","0","0","1500","0","0","0","1500","0"
"9776","札幌臨床検査センター","札証","20230309","日証金","確報","0","0","0","0","0","0","0","0"
"9776","札幌臨床検査センター","東証","20230309","日証金","確報","0","0","0","0","0","0","0","0"
"9778","昴","東証","20230309","日証金","確報","0","0","100","0","0","0","100","0"
"9780","ハリマビステム","東証","20230309","日証金","確報","0","0","600","0","0","0","600","0"
"9782","ディーエムエス","東証","20230309","日証金","確報","400","100","33800","0","0","0","33800","300"
"9783","ベネッセＨＤ","東証","20230309","日証金","確報","2100","100","12700","1900","300","1900","10800","400"
"9787","イオンディライト","東証","20230309","日証金","確報","0","100","1300","500","300","800","500","-300"
"9788","ナック","東証","20230309","日証金","確報","200","700","1300","200","0","1300","0","-700"
"9790","福井コンピュータＨＤ","東証","20230309","日証金","確報","0","200","500","0","0","0","500","-200"
"9791","ビケンテクノ","東証","20230309","日証金","確報","0","0","13700","0","0","0","13700","0"
"9793","ダイセキ","名証","20230309","日証金","確報","0","0","0","0","0","0","0","0"
"9793","ダイセキ","東証","20230309","日証金","確報","500","0","2200","0","0","1400","800","500"
"9795","ステップ","東証","20230309","日証金","確報","0","100","400","0","100","400","0","0"
"9799","旭情報サービス","東証","20230309","日証金","確報","0","0","500","0","0","0","500","0"
"9810","日鉄物産","東証","20230309","日証金","確報","4700","0","12500","0","0","0","12500","4700"
"9812","テーオーＨＤ","東証","20230309","日証金","確報","0","500","1800","0","0","0","1800","-500"
"9816","ストライダーズ","東証","20230309","日証金","確報","0","0","800","0","0","0","800","0"
"9818","大丸エナウィン","東証","20230309","日証金","確報","0","0","200","0","0","0","200","0"
"9820","エムティジェネックス","東証","20230309","日証金","確報","0","0","0","0","0","0","0","0"
"9823","マミーマート","東証","20230309","日証金","確報","0","0","500","0","0","0","500","0"
"9824","泉州電業","東証","20230309","日証金","確報","0","0","1300","0","200","3400","-2100","200"
"9827","リリカラ","東証","20230309","日証金","確報","500","1100","53100","0","0","0","53100","-600"
"9828","元気寿司","東証","20230309","日証金","確報","600","500","2500","400","0","2500","0","-300"
"9830","トラスコ中山","東証","20230309","日証金","確報","0","0","5700","100","100","2400","3300","0"
"9831","ヤマダＨＤ","東証","20230309","日証金","確報","0","25800","134200","500","0","3800","130400","-26300"
"9832","オートバックスセブン","東証","20230309","日証金","確報","200","2100","6600","3200","1800","9900","-3300","-3300"
"9835","ジュンテンドー","東証","20230309","日証金","確報","0","100","2800","0","0","3400","-600","-100"
"9837","モリト","東証","20230309","日証金","確報","0","0","24200","600","9400","139400","-115200","8800"
"9842","アークランズ","東証","20230309","日証金","確報","0","500","23900","0","0","300","23600","-500"
"9843","ニトリＨＤ","札証","20230309","日証金","確報","0","0","0","0","0","0","0","0"
"9843","ニトリＨＤ","東証","20230309","日証金","確報","1000","200","16900","0","200","4300","12600","1000"
"9845","パーカーコーポ","東証","20230309","日証金","確報","300","0","5200","0","0","0","5200","300"
"9846","天満屋ストア","東証","20230309","日証金","確報","500","0","500","0","0","0","500","500"
"9849","共同紙販ＨＤ","東証","20230309","日証金","確報","0","0","0","0","0","0","0","0"
"9850","グルメ杵屋","東証","20230309","日証金","確報","2600","0","3000","1700","1200","11700","-8700","2100"
"9852","ＣＢグループＭ","東証","20230309","日証金","確報","0","0","1000","0","0","0","1000","0"
"9853","銀座ルノアール","東証","20230309","日証金","確報","0","0","600","0","0","0","600","0"
"9854","愛眼","東証","20230309","日証金","確報","3000","2000","5500","0","0","4500","1000","1000"
"9856","ケーユーＨＤ","東証","20230309","日証金","確報","0","0","0","600","1200","4700","-4700","600"
"9857","英和","東証","20230309","日証金","確報","0","0","200","0","0","0","200","0"
"9861","吉野家ＨＤ","東証","20230309","日証金","確報","1600","100","3200","4700","3200","67900","-64700","0"
"9867","ソレキア","東証","20230309","日証金","確報","500","200","1900","0","0","0","1900","300"
"9869","加藤産業","東証","20230309","日証金","確報","5300","1100","5900","0","1400","100","5800","5600"
"9872","北恵","東証","20230309","日証金","確報","0","0","4900","0","100","500","4400","100"
"9873","日本ＫＦＣＨＤ","東証","20230309","日証金","確報","0","100","500","100","1800","7100","-6600","1600"
"9876","コックス","東証","20230309","日証金","確報","0","100","10300","0","0","0","10300","-100"
"9878","セキド","東証","20230309","日証金","確報","0","0","7900","0","0","0","7900","0"
"9880","イノテック","東証","20230309","日証金","確報","0","0","5000","0","0","0","5000","0"
"9882","イエローハット","東証","20230309","日証金","確報","400","300","8500","600","0","600","7900","-500"
"9885","シャルレ","東証","20230309","日証金","確報","0","500","14000","0","0","100","13900","-500"
"9887","松屋フーズＨＤ","東証","20230309","日証金","確報","0","0","300","1000","600","6000","-5700","-400"
"9888","ＵＥＸ","東証","20230309","日証金","確報","0","5600","13800","0","0","0","13800","-5600"
"9889","ＪＢＣＣＨＤ","東証","20230309","日証金","確報","0","0","2500","0","0","1400","1100","0"
"9890","マキヤ","東証","20230309","日証金","確報","0","0","0","0","0","0","0","0"
"9895","コンセック","東証","20230309","日証金","確報","0","0","800","0","0","0","800","0"
"9896","ＪＫホールディングス","東証","20230309","日証金","確報","900","300","7500","0","3500","600","6900","4100"
"9900","サガミＨＤ","名証","20230309","日証金","確報","0","0","0","0","0","0","0","0"
"9900","サガミＨＤ","東証","20230309","日証金","確報","1600","0","7300","3600","200","44900","-37600","-1800"
"9902","日伝","東証","20230309","日証金","確報","0","0","1300","0","0","100","1200","0"
"9903","カンセキ","東証","20230309","日証金","確報","0","0","700","0","0","700","0","0"
"9904","ベリテ","東証","20230309","日証金","確報","0","0","7500","0","0","0","7500","0"
"9906","藤井産業","東証","20230309","日証金","確報","0","100","124100","0","0","0","124100","-100"
"9908","日本電計","東証","20230309","日証金","確報","100","0","5100","0","0","0","5100","100"
"9913","日邦産業","名証","20230309","日証金","確報","0","0","0","0","0","0","0","0"
"9913","日邦産業","東証","20230309","日証金","確報","2600","0","28600","0","0","5000","23600","2600"
"9914","植松商会","東証","20230309","日証金","確報","0","0","0","0","0","0","0","0"
"9919","関西フードマーケット","東証","20230309","日証金","確報","0","0","1500","0","0","0","1500","0"
"9927","ワットマン","東証","20230309","日証金","確報","100","0","1300","0","0","0","1300","100"
"9928","ミロク情報サービス","東証","20230309","日証金","確報","300","0","6200","0","0","0","6200","300"
"9929","平和紙業","東証","20230309","日証金","確報","0","0","400","0","0","0","400","0"
"9930","北沢産業","東証","20230309","日証金","確報","800","10800","33500","100","10100","33500","0","0"
"9932","杉本商事","東証","20230309","日証金","確報","100","0","400","100","0","400","0","0"
"9934","因幡電機産業","東証","20230309","日証金","確報","100","0","1500","0","200","2600","-1100","300"
"9936","王将フードサービス","東証","20230309","日証金","確報","500","0","9200","0","0","0","9200","500"
"9941","太洋物産","東証","20230309","日証金","確報","0","0","600","0","0","0","600","0"
"9942","ジョイフル","福証","20230309","日証金","確報","0","0","1100","0","0","0","1100","0"
"9946","ミニストップ","東証","20230309","日証金","確報","300","0","2200","200","0","1000","1200","100"
"9948","アークス","札証","20230309","日証金","確報","0","0","0","0","0","0","0","0"
"9948","アークス","東証","20230309","日証金","確報","200","100","1000","100","6600","22100","-21100","6600"
"9950","ハチバン","東証","20230309","日証金","確報","0","0","0","0","0","0","0","0"
"9955","ヨンキュウ","東証","20230309","日証金","確報","0","0","800","0","0","0","800","0"
"9956","バローＨＤ","名証","20230309","日証金","確報","0","0","0","0","0","0","0","0"
"9956","バローＨＤ","東証","20230309","日証金","確報","300","0","3200","400","500","18800","-15600","400"
"9959","アシードＨＤ","東証","20230309","日証金","確報","0","0","800","0","0","0","800","0"
"9960","東テク","東証","20230309","日証金","確報","200","0","4500","100","700","7100","-2600","800"
"9962","ミスミグループ本社","東証","20230309","日証金","確報","500","200","9000","100","3000","9100","-100","3200"
"9967","堺商事","東証","20230309","日証金","確報","0","0","1000","0","0","0","1000","0"
"9969","ショクブン","名証","20230309","日証金","確報","0","0","0","0","0","0","0","0"
"9969","ショクブン","東証","20230309","日証金","確報","1100","0","40500","0","0","50000","-9500","1100"
"9972","アルテック","東証","20230309","日証金","確報","5200","2100","80800","400","0","1000","79800","2700"
"9973","小僧寿し","東証","20230309","日証金","確報","0","8400","385300","0","0","0","385300","-8400"
"9974","ベルク","東証","20230309","日証金","確報","0","1300","100","100","100","100","0","-1300"
"9976","セキチュー","東証","20230309","日証金","確報","0","0","200","0","0","0","200","0"
"9977","アオキスーパー","東証","20230309","日証金","確報","0","0","100","0","0","0","100","0"
"9978","文教堂グループＨＤ","東証","20230309","日証金","確報","0","0","28000","0","0","0","28000","0"
"9979","大庄","東証","20230309","日証金","確報","400","200","4000","600","1700","31300","-27300","1300"
"9980","ＭＲＫ　ＨＬＤ","東証","20230309","日証金","確報","11600","8200","137900","3400","0","137900","0","0"
"9982","タキヒヨー","名証","20230309","日証金","確報","0","0","0","0","0","0","0","0"
"9982","タキヒヨー","東証","20230309","日証金","確報","6500","4800","52200","100","0","50600","1600","1600"
"9983","ファーストリテイリン","東証","20230309","日証金","確報","1700","100","12000","14600","85200","619000","-607000","72200"
"9984","ソフトバンクグループ","東証","20230309","日証金","確報","35000","4000","316700","100","20200","190900","125800","51100"
"9986","蔵王産業","東証","20230309","日証金","確報","0","0","1400","0","0","0","1400","0"
"9987","スズケン","名証","20230309","日証金","確報","0","0","0","0","0","0","0","0"
"9987","スズケン","札証","20230309","日証金","確報","0","0","0","0","0","0","0","0"
"9987","スズケン","東証","20230309","日証金","確報","0","0","3600","0","0","100","3500","0"
"9989","サンドラッグ","東証","20230309","日証金","確報","100","600","3100","0","0","2600","500","-500"
"9990","サックスバー　ＨＤ","東証","20230309","日証金","確報","300","1400","7900","0","2900","6100","1800","1800"
"9991","ジェコス","東証","20230309","日証金","確報","500","0","7300","0","0","0","7300","500"
"9993","ヤマザワ","東証","20230309","日証金","確報","0","0","300","0","0","0","300","0"
"9994","やまや","東証","20230309","日証金","確報","200","300","800","800","0","2400","-1600","-900"
"9995","グローセル","東証","20230309","日証金","確報","1000","5100","16600","0","0","0","16600","-4100"
"9996","サトー商会","東証","20230309","日証金","確報","0","0","1300","0","0","0","1300","0"
"9997","ベルーナ","東証","20230309","日証金","確報","1600","2600","11500","3000","0","11500","0","-4000"
